   0.0000000000000000e+00   0.0000000000000000e+00
   1.0000000000000001e-01   0.0000000000000000e+00
   2.0000000000000001e-01  -2.7165057163366095e+02
   3.0000000000000004e-01  -2.6950705937610616e+02
   4.0000000000000002e-01  -2.4603080693677032e+02
   5.0000000000000000e-01  -2.2290206684231399e+02
   6.0000000000000009e-01  -2.0179432363116638e+02
   7.0000000000000007e-01  -1.8266441402930934e+02
   8.0000000000000004e-01  -1.6533799565023367e+02
   9.0000000000000002e-01  -1.4964546810888280e+02
   1.0000000000000000e+00  -1.3543225150988928e+02
   1.1000000000000001e+00  -1.2255830257827293e+02
   1.2000000000000002e+00  -1.1089682492752829e+02
   1.3000000000000000e+00  -1.0033302570912478e+02
   1.4000000000000001e+00  -9.0762982004545876e+01
   1.5000000000000000e+00  -8.2092612850277249e+01
   1.6000000000000001e+00  -7.4236747775931192e+01
   1.7000000000000002e+00  -6.7118283052174789e+01
   1.8000000000000000e+00  -6.0667417558226695e+01
   1.9000000000000001e+00  -5.4820960874354846e+01
   2.0000000000000000e+00  -4.9521706853361749e+01
   2.1000000000000001e+00  -4.4717866526589283e+01
   2.2000000000000002e+00  -4.0362554756266725e+01
   2.3000000000000003e+00  -3.6413325558303377e+01
   2.4000000000000004e+00  -3.2831751489830850e+01
   2.5000000000000000e+00  -2.9583042925826593e+01
   2.6000000000000001e+00  -2.6635703441369994e+01
   2.7000000000000002e+00  -2.3961217873040258e+01
   2.8000000000000003e+00  -2.1533769957235176e+01
   2.9000000000000004e+00  -1.9329986737399501e+01
   3.0000000000000000e+00  -1.7328707198811763e+01
   3.1000000000000001e+00  -1.5510772831129259e+01
   3.2000000000000002e+00  -1.3858838037538263e+01
   3.3000000000000003e+00  -1.2357198507282430e+01
   3.4000000000000004e+00  -1.0991635847387959e+01
   3.5000000000000000e+00  -9.7492769314365013e+00
   3.6000000000000001e+00  -8.6184665697926466e+00
   3.7000000000000002e+00  -7.5886522382971480e+00
   3.8000000000000003e+00  -6.6502797223965011e+00
   3.9000000000000004e+00  -5.7946986422089211e+00
   4.0000000000000000e+00  -5.0140769222228796e+00
   4.1000000000000005e+00  -4.3013233581702481e+00
   4.2000000000000002e+00  -3.6500175140122071e+00
   4.2999999999999998e+00  -3.0543462547218718e+00
   4.4000000000000004e+00  -2.5090462863869147e+00
   4.5000000000000000e+00  -2.0093521347276924e+00
   4.6000000000000005e+00  -1.5509490470564218e+00
   4.7000000000000002e+00  -1.1299303514976722e+00
   4.8000000000000007e+00  -7.4275885146489551e-01
   4.9000000000000004e+00  -3.8623187336857312e-01
   5.0000000000000000e+00  -5.7449621718259326e-02
   5.1000000000000005e+00   2.4621347218857584e-01
   5.2000000000000002e+00   5.2713468728708268e-01
   5.3000000000000007e+00   7.8746650071942903e-01
   5.4000000000000004e+00   1.0291578530990169e+00
   5.5000000000000000e+00   1.2539733950943910e+00
   5.6000000000000005e+00   1.4635109210602972e+00
   5.7000000000000002e+00   1.6592171498316195e+00
   5.8000000000000007e+00   1.8424020131474470e+00
   5.9000000000000004e+00   2.0142515924732178e+00
   6.0000000000000000e+00   2.1758398320762753e+00
   6.1000000000000005e+00   2.3281391441450046e+00
   6.2000000000000002e+00   2.4720300107817614e+00
   6.3000000000000007e+00   2.6083096777822927e+00
   6.4000000000000004e+00   2.7377000261267352e+00
   6.5000000000000000e+00   2.8608546989800514e+00
   6.6000000000000005e+00   2.9783655546331835e+00
   6.7000000000000002e+00   3.0907685091548469e+00
   6.8000000000000007e+00   3.1985488264844024e+00
   6.9000000000000004e+00   3.3021459082404667e+00
   7.0000000000000000e+00   3.4019576305648318e+00
   7.1000000000000005e+00   3.4983442708522410e+00
   7.2000000000000002e+00   3.5916320631558998e+00
   7.3000000000000007e+00   3.6821164173923884e+00
   7.4000000000000004e+00   3.7700648341443475e+00
   7.5000000000000000e+00   3.8557195438523859e+00
   7.6000000000000005e+00   3.9392998964630492e+00
   7.7000000000000002e+00   4.0210045251330131e+00
   7.8000000000000007e+00   4.1010133053597526e+00
   7.9000000000000004e+00   4.1794891288840663e+00
   8.0000000000000000e+00   4.2565795098823189e+00
   8.0999999999999996e+00   4.3324180393079210e+00
   8.2000000000000011e+00   4.4071257017425083e+00
   8.3000000000000007e+00   4.4808120677577907e+00
   8.4000000000000004e+00   4.5535763735607890e+00
   8.5000000000000000e+00   4.6255084985804737e+00
   8.5999999999999996e+00   4.6966898506461314e+00
   8.7000000000000011e+00   4.7671941674962559e+00
   8.8000000000000007e+00   4.8370882425291821e+00
   8.9000000000000004e+00   4.9064325819577750e+00
   9.0000000000000000e+00   4.9752819998553033e+00
   9.0999999999999996e+00   5.0436861569652018e+00
   9.2000000000000011e+00   5.1116900485911483e+00
   9.3000000000000007e+00   5.1793344463829118e+00
   9.4000000000000004e+00   5.2466562983767231e+00
   9.5000000000000000e+00   5.3136890912373351e+00
   9.6000000000000014e+00   5.3804631782765338e+00
   9.7000000000000011e+00   5.4470060764832393e+00
   9.8000000000000007e+00   5.5133427354955939e+00
   9.9000000000000004e+00   5.5794957811685384e+00
   1.0000000000000000e+01   5.6454857361386894e+00
   1.0100000000000001e+01   5.7113312195623127e+00
   1.0200000000000001e+01   5.7770491279949914e+00
   1.0300000000000001e+01   5.8426547991984643e+00
   1.0400000000000000e+01   5.9081621604866905e+00
   1.0500000000000000e+01   5.9735838630761657e+00
   1.0600000000000001e+01   6.0389314037620201e+00
   1.0700000000000001e+01   6.1042152351213064e+00
   1.0800000000000001e+01   6.1694448653268266e+00
   1.0900000000000000e+01   6.2346289485563018e+00
   1.1000000000000000e+01   6.2997753668858794e+00
   1.1100000000000001e+01   6.3648913044748623e+00
   1.1200000000000001e+01   6.4299833147709693e+00
   1.1300000000000001e+01   6.4950573813967303e+00
   1.1400000000000000e+01   6.5601189733174881e+00
   1.1500000000000000e+01   6.6251730948303784e+00
   1.1600000000000001e+01   6.6902243308670597e+00
   1.1700000000000001e+01   6.7552768880536274e+00
   1.1800000000000001e+01   6.8203346319307663e+00
   1.1900000000000000e+01   6.8854011206990275e+00
   1.2000000000000000e+01   6.9504796358178780e+00
   1.2100000000000001e+01   7.0155732097595980e+00
   1.2200000000000001e+01   7.0806846511867647e+00
   1.2300000000000001e+01   7.1458165678006251e+00
   1.2400000000000000e+01   7.2109713870808081e+00
   1.2500000000000000e+01   7.2761513751186460e+00
   1.2600000000000001e+01   7.3413586537261315e+00
   1.2700000000000001e+01   7.4065952159854520e+00
   1.2800000000000001e+01   7.4718629403891734e+00
   1.2900000000000000e+01   7.5371636037063521e+00
   1.3000000000000000e+01   7.6024988926973718e+00
   1.3100000000000001e+01   7.6678704147892098e+00
   1.3200000000000001e+01   7.7332797078116622e+00
   1.3300000000000001e+01   7.7987282488863903e+00
   1.3400000000000000e+01   7.8642174625516006e+00
   1.3500000000000000e+01   7.9297487281972430e+00
   1.3600000000000001e+01   7.9953233868798348e+00
   1.3700000000000001e+01   8.0609427475780215e+00
   1.3800000000000001e+01   8.1266080929457001e+00
   1.3900000000000000e+01   8.1923206846134455e+00
   1.4000000000000000e+01   8.2580817680845939e+00
   1.4100000000000001e+01   8.3238925772681522e+00
   1.4200000000000001e+01   8.3897543386875295e+00
   1.4300000000000001e+01   8.4556682753991463e+00
   1.4400000000000000e+01   8.5216356106528597e+00
   1.4500000000000000e+01   8.5876575713241010e+00
   1.4600000000000001e+01   8.6537353911425701e+00
   1.4700000000000001e+01   8.7198703137436677e+00
   1.4800000000000001e+01   8.7860635955627355e+00
   1.4900000000000000e+01   8.8523165085943223e+00
   1.5000000000000000e+01   8.9186303430338665e+00
   1.5100000000000001e+01   8.9850064098188511e+00
   1.5200000000000001e+01   9.0514460430864805e+00
   1.5300000000000001e+01   9.1179506025614732e+00
   1.5400000000000000e+01   9.1845214758875358e+00
   1.5500000000000000e+01   9.2511600809158967e+00
   1.5600000000000001e+01   9.3178678679616933e+00
   1.5700000000000001e+01   9.3846463220405791e+00
   1.5800000000000001e+01   9.4514969650946856e+00
   1.5900000000000000e+01   9.5184213582183990e+00
   1.6000000000000000e+01   9.5854211038937311e+00
   1.6100000000000001e+01   9.6524978482435166e+00
   1.6199999999999999e+01   9.7196532833113256e+00
   1.6300000000000001e+01   9.7868891493769148e+00
   1.6400000000000002e+01   9.8542072373150287e+00
   1.6500000000000000e+01   9.9216093910048144e+00
   1.6600000000000001e+01   9.9890975097994250e+00
   1.6699999999999999e+01   1.0056673551061900e+01
   1.6800000000000001e+01   1.0124339532775743e+01
   1.6900000000000002e+01   1.0192097536238455e+01
   1.7000000000000000e+01   1.0259949708845566e+01
   1.7100000000000001e+01   1.0327898266972522e+01
   1.7199999999999999e+01   1.0395945498963711e+01
   1.7300000000000001e+01   1.0464093768236260e+01
   1.7400000000000002e+01   1.0532345516507494e+01
   1.7500000000000000e+01   1.0600703267154605e+01
   1.7600000000000001e+01   1.0669169628716382e+01
   1.7699999999999999e+01   1.0737747298545669e+01
   1.7800000000000001e+01   1.0806439066624018e+01
   1.7900000000000002e+01   1.0875247819546988e+01
   1.8000000000000000e+01   1.0944176544693123e+01
   1.8100000000000001e+01   1.1013228334586834e+01
   1.8199999999999999e+01   1.1082406391467760e+01
   1.8300000000000001e+01   1.1151714032080374e+01
   1.8400000000000002e+01   1.1221154692695235e+01
   1.8500000000000000e+01   1.1290731934378739e+01
   1.8600000000000001e+01   1.1360449448525602e+01
   1.8699999999999999e+01   1.1430311062669459e+01
   1.8800000000000001e+01   1.1500320746590591e+01
   1.8900000000000002e+01   1.1570482618737822e+01
   1.9000000000000000e+01   1.1640800952984845e+01
   1.9100000000000001e+01   1.1711280185741044e+01
   1.9200000000000003e+01   1.1781924923440119e+01
   1.9300000000000001e+01   1.1852739950429735e+01
   1.9400000000000002e+01   1.1923730237287190e+01
   1.9500000000000000e+01   1.1994900949588800e+01
   1.9600000000000001e+01   1.2066257457162946e+01
   1.9700000000000003e+01   1.2137805343855524e+01
   1.9800000000000001e+01   1.2209550417843676e+01
   1.9900000000000002e+01   1.2281498722532485e+01
   2.0000000000000000e+01   1.2353656548072603e+01
   2.0100000000000001e+01   1.2426030443542032e+01
   2.0200000000000003e+01   1.2498627229833737e+01
   2.0300000000000001e+01   1.2571454013299238e+01
   2.0400000000000002e+01   1.2644518200198039e+01
   2.0500000000000000e+01   1.2717827512009320e+01
   2.0600000000000001e+01   1.2791390001664196e+01
   2.0700000000000003e+01   1.2865214070764376e+01
   2.0800000000000001e+01   1.2939308487855392e+01
   2.0900000000000002e+01   1.3013682407829743e+01
   2.1000000000000000e+01   1.3088345392541205e+01
   2.1100000000000001e+01   1.3163307432717163e+01
   2.1200000000000003e+01   1.3238578971264424e+01
   2.1300000000000001e+01   1.3314170928070437e+01
   2.1400000000000002e+01   1.3390094726411274e+01
   2.1500000000000000e+01   1.3466362321087358e+01
   2.1600000000000001e+01   1.3542986228416694e+01
   2.1700000000000003e+01   1.3619979558229005e+01
   2.1800000000000001e+01   1.3697356048013635e+01
   2.1900000000000002e+01   1.3775130099390633e+01
   2.2000000000000000e+01   1.3853316817086981e+01
   2.2100000000000001e+01   1.3931932050617405e+01
   2.2200000000000003e+01   1.4010992438887136e+01
   2.2300000000000001e+01   1.4090515457953581e+01
   2.2400000000000002e+01   1.4170519472206212e+01
   2.2500000000000000e+01   1.4251023789247233e+01
   2.2600000000000001e+01   1.4332048718783909e+01
   2.2700000000000003e+01   1.4413615635870919e+01
   2.2800000000000001e+01   1.4495747048875501e+01
   2.2900000000000002e+01   1.4578466672573922e+01
   2.3000000000000000e+01   1.4661799506827277e+01
   2.3100000000000001e+01   1.4745771921330558e+01
   2.3200000000000003e+01   1.4830411746977347e+01
   2.3300000000000001e+01   1.4915748374438952e+01
   2.3400000000000002e+01   1.5001812860617644e+01
   2.3500000000000000e+01   1.5088638043702339e+01
   2.3600000000000001e+01   1.5176258667633109e+01
   2.3700000000000003e+01   1.5264711516864867e+01
   2.3800000000000001e+01   1.5354035562419279e+01
   2.3900000000000002e+01   1.5444272120319205e+01
   2.4000000000000000e+01   1.5535465023623921e+01
   2.4100000000000001e+01   1.5627660809417698e+01
   2.4200000000000003e+01   1.5720908922259010e+01
   2.4300000000000001e+01   1.5815261935770131e+01
   2.4400000000000002e+01   1.5910775794242797e+01
   2.4500000000000000e+01   1.6007510076356937e+01
   2.4600000000000001e+01   1.6105528283359568e+01
   2.4700000000000003e+01   1.6204898154335236e+01
   2.4800000000000001e+01   1.6305692011522606e+01
   2.4900000000000002e+01   1.6407987138999584e+01
   2.5000000000000000e+01   1.6511866198477730e+01
   2.5100000000000001e+01   1.6617417686425913e+01
   2.5200000000000003e+01   1.6724736437291085e+01
   2.5300000000000001e+01   1.6833924178210758e+01
   2.5400000000000002e+01   1.6945090141333282e+01
   2.5500000000000000e+01   1.7058351740690732e+01
   2.5600000000000001e+01   1.7173835321525253e+01
   2.5700000000000003e+01   1.7291676991073409e+01
   2.5800000000000001e+01   1.7412023541090136e+01
   2.5900000000000002e+01   1.7535033473877771e+01
   2.6000000000000000e+01   1.7660878145304522e+01
   2.6100000000000001e+01   1.7789743040306295e+01
   2.6200000000000003e+01   1.7921829198706781e+01
   2.6300000000000001e+01   1.8057354811931845e+01
   2.6400000000000002e+01   1.8196557014410931e+01
   2.6500000000000000e+01   1.8339693897239329e+01
   2.6600000000000001e+01   1.8487046776135028e+01
   2.6700000000000003e+01   1.8638922750991217e+01
   2.6800000000000001e+01   1.8795657600575591e+01
   2.6900000000000002e+01   1.8957619063346034e+01
   2.7000000000000000e+01   1.9125210564201502e+01
   2.7100000000000001e+01   1.9298875457556331e+01
   2.7200000000000003e+01   1.9479101869800232e+01
   2.7300000000000001e+01   1.9666428239440389e+01
   2.7400000000000002e+01   1.9861449671594926e+01
   2.7500000000000000e+01   2.0064825245733253e+01
   2.7600000000000001e+01   2.0277286442531270e+01
   2.7700000000000003e+01   2.0499646888549901e+01
   2.7800000000000001e+01   2.0732813657559177e+01
   2.7900000000000002e+01   2.0977800416493491e+01
   2.8000000000000000e+01   2.1235742764474921e+01
   2.8100000000000001e+01   2.1507916187923250e+01
   2.8200000000000003e+01   2.1795757147087016e+01
   2.8300000000000001e+01   2.2100887923961121e+01
   2.8400000000000002e+01   2.2425146004345198e+01
   2.8500000000000000e+01   2.2770618945166454e+01
   2.8600000000000001e+01   2.3139685901603418e+01
   2.8700000000000003e+01   2.3535067268997143e+01
   2.8800000000000001e+01   2.3959884247178827e+01
   2.8900000000000002e+01   2.4417730578660841e+01
   2.9000000000000000e+01   2.4912759272311238e+01
   2.9100000000000001e+01   2.5449787811837297e+01
   2.9200000000000003e+01   2.6034426273051832e+01
   2.9300000000000001e+01   2.6673233770407517e+01
   2.9400000000000002e+01   2.7373910101360853e+01
   2.9500000000000000e+01   2.8145530972044796e+01
   2.9600000000000001e+01   2.8998837081375491e+01
   2.9700000000000003e+01   2.9946589335478805e+01
   2.9800000000000001e+01   3.1004004350111966e+01
   2.9900000000000002e+01   3.2189285547565021e+01
   3.0000000000000000e+01   3.3524264290537317e+01
   3.0100000000000001e+01   3.5035160106906446e+01
   3.0200000000000003e+01   3.6753454382916715e+01
   3.0300000000000001e+01   3.8716839203402536e+01
   3.0400000000000002e+01   4.0970136888997459e+01
   3.0500000000000000e+01   4.3565960509814474e+01
   3.0600000000000001e+01   4.6564662182343909e+01
   3.0700000000000003e+01   5.0032745282935430e+01
   3.0800000000000001e+01   5.4038367932921659e+01
   3.0900000000000002e+01   5.8641911828017740e+01
   3.1000000000000000e+01   6.3879220577487665e+01
   3.1100000000000001e+01   6.9736026385391256e+01
   3.1200000000000003e+01   7.6115955428475289e+01
   3.1300000000000001e+01   8.2812376083229310e+01
   3.1400000000000002e+01   8.9503063843274418e+01
   3.1500000000000000e+01   9.5786118401581732e+01
   3.1600000000000001e+01   1.0125639068811063e+02
   3.1700000000000003e+01   1.0559292894484493e+02
   3.1800000000000001e+01   1.0861708152718300e+02
   3.1900000000000002e+01   1.1030085296149569e+02
   3.2000000000000000e+01   1.1073540418512208e+02
   3.2100000000000001e+01   1.1008410708812468e+02
   3.2200000000000003e+01   1.0853998070792559e+02
   3.2300000000000004e+01   1.0629596894763984e+02
   3.2399999999999999e+01   1.0352811141468499e+02
   3.2500000000000000e+01   1.0038821898835351e+02
   3.2600000000000001e+01   9.7002387224820666e+01
   3.2700000000000003e+01   9.3472584749131059e+01
   3.2800000000000004e+01   8.9879569753873639e+01
   3.2899999999999999e+01   8.6286155180274520e+01
   3.3000000000000000e+01   8.2740332441865533e+01
   3.3100000000000001e+01   7.9278044892338656e+01
   3.3200000000000003e+01   7.5925551267391910e+01
   3.3300000000000004e+01   7.2701391524805928e+01
   3.3399999999999999e+01   6.9590833665799451e+01
   3.3500000000000000e+01   6.6628891173700680e+01
   3.3600000000000001e+01   6.3821592434167009e+01
   3.3700000000000003e+01   6.1169902622010831e+01
   3.3800000000000004e+01   5.8672403452137495e+01
   3.3899999999999999e+01   5.6326009263400124e+01
   3.4000000000000000e+01   5.4126414799400727e+01
   3.4100000000000001e+01   5.2068440757428377e+01
   3.4200000000000003e+01   5.0146306877663179e+01
   3.4300000000000004e+01   4.8353847534939533e+01
   3.4399999999999999e+01   4.6684681098729492e+01
   3.4500000000000000e+01   4.5132342068185537e+01
   3.4600000000000001e+01   4.3690383238521648e+01
   3.4700000000000003e+01   4.2352453756319740e+01
   3.4800000000000004e+01   4.1112357799078602e+01
   3.4899999999999999e+01   3.9964097712156530e+01
   3.5000000000000000e+01   3.8901904709598902e+01
   3.5100000000000001e+01   3.7920259658788154e+01
   3.5200000000000003e+01   3.7013905994376877e+01
   3.5300000000000004e+01   3.6177856422306782e+01
   3.5399999999999999e+01   3.5407394762258747e+01
   3.5500000000000000e+01   3.4698074022608381e+01
   3.5600000000000001e+01   3.4045711594699867e+01
   3.5700000000000003e+01   3.3446382284091690e+01
   3.5800000000000004e+01   3.2896409758226064e+01
   3.5899999999999999e+01   3.2392356876855530e+01
   3.6000000000000000e+01   3.1931015279468809e+01
   3.6100000000000001e+01   3.1509394527631116e+01
   3.6200000000000003e+01   3.1124711039152501e+01
   3.6300000000000004e+01   3.0774376999799156e+01
   3.6399999999999999e+01   3.0455989397313566e+01
   3.6500000000000000e+01   3.0167319288815595e+01
   3.6600000000000001e+01   2.9906301385336388e+01
   3.6700000000000003e+01   2.9671024015098055e+01
   3.6800000000000004e+01   2.9459719509271647e+01
   3.6899999999999999e+01   2.9270755039597987e+01
   3.7000000000000000e+01   2.9102623925796756e+01
   3.7100000000000001e+01   2.8953937421632542e+01
   3.7200000000000003e+01   2.8823416981406666e+01
   3.7300000000000004e+01   2.8709887003172131e+01
   3.7399999999999999e+01   2.8612268040825562e+01
   3.7500000000000000e+01   2.8529570474186297e+01
   3.7600000000000001e+01   2.8460888624021141e+01
   3.7700000000000003e+01   2.8405395297567679e+01
   3.7800000000000004e+01   2.8362336749305673e+01
   3.7899999999999999e+01   2.8331028041416857e+01
   3.8000000000000000e+01   2.8310848788486247e+01
   3.8100000000000001e+01   2.8301239271436778e+01
   3.8200000000000003e+01   2.8301696906423786e+01
   3.8300000000000004e+01   2.8311773055385430e+01
   3.8400000000000006e+01   2.8331070166122938e+01
   3.8500000000000000e+01   2.8359239231153733e+01
   3.8600000000000001e+01   2.8395977556111415e+01
   3.8700000000000003e+01   2.8441026830170767e+01
   3.8800000000000004e+01   2.8494171492835886e+01
   3.8900000000000006e+01   2.8555237393470080e+01
   3.9000000000000000e+01   2.8624090742161020e+01
   3.9100000000000001e+01   2.8700637352950775e+01
   3.9200000000000003e+01   2.8784822183116948e+01
   3.9300000000000004e+01   2.8876629175134660e+01
   3.9400000000000006e+01   2.8976081411200390e+01
   3.9500000000000000e+01   2.9083241593832131e+01
   3.9600000000000001e+01   2.9198212870131854e+01
   3.9700000000000003e+01   2.9321140021901023e+01
   3.9800000000000004e+01   2.9452211049015556e+01
   3.9900000000000006e+01   2.9591659179435982e+01
   4.0000000000000000e+01   2.9739765346071909e+01
   4.0100000000000001e+01   2.9896861178610855e+01
   4.0200000000000003e+01   3.0063332567564835e+01
   4.0300000000000004e+01   3.0239623868412625e+01
   4.0400000000000006e+01   3.0426242826110702e+01
   4.0500000000000000e+01   3.0623766314749524e+01
   4.0600000000000001e+01   3.0832847004140373e+01
   4.0700000000000003e+01   3.1054221085119725e+01
   4.0800000000000004e+01   3.1288717208904909e+01
   4.0900000000000006e+01   3.1537266823605869e+01
   4.1000000000000000e+01   3.1800916123769486e+01
   4.1100000000000001e+01   3.2080839867510321e+01
   4.1200000000000003e+01   3.2378357361409478e+01
   4.1300000000000004e+01   3.2694950967119730e+01
   4.1400000000000006e+01   3.3032287546770725e+01
   4.1500000000000000e+01   3.3392243338185459e+01
   4.1600000000000001e+01   3.3776932836896066e+01
   4.1700000000000003e+01   3.4188742361075043e+01
   4.1800000000000004e+01   3.4630369088300490e+01
   4.1900000000000006e+01   3.5104866479000712e+01
   4.2000000000000000e+01   3.5615697137907510e+01
   4.2100000000000001e+01   3.6166794305867583e+01
   4.2200000000000003e+01   3.6762633308115234e+01
   4.2300000000000004e+01   3.7408314390249174e+01
   4.2400000000000006e+01   3.8109658413042609e+01
   4.2500000000000000e+01   3.8873316790756917e+01
   4.2600000000000001e+01   3.9706896745433724e+01
   4.2700000000000003e+01   4.0619102252813647e+01
   4.2800000000000004e+01   4.1619889724285464e+01
   4.2900000000000006e+01   4.2720635117639873e+01
   4.3000000000000000e+01   4.3934305212606226e+01
   4.3100000000000001e+01   4.5275619361776251e+01
   4.3200000000000003e+01   4.6761177909549254e+01
   4.3300000000000004e+01   4.8409517949574266e+01
   4.3400000000000006e+01   5.0241034381987262e+01
   4.3500000000000000e+01   5.2277671651263532e+01
   4.3600000000000001e+01   5.4542249208782671e+01
   4.3700000000000003e+01   5.7057232755824224e+01
   4.3800000000000004e+01   5.9842715072074128e+01
   4.3900000000000006e+01   6.2913349591607023e+01
   4.4000000000000000e+01   6.6274035990539872e+01
   4.4100000000000001e+01   6.9914364956103483e+01
   4.4200000000000003e+01   7.3802270647803127e+01
   4.4300000000000004e+01   7.7878036388363867e+01
   4.4400000000000006e+01   8.2050596027570094e+01
   4.4500000000000000e+01   8.6198533134750960e+01
   4.4600000000000001e+01   9.0177676700899099e+01
   4.4700000000000003e+01   9.3835359857845134e+01
   4.4800000000000004e+01   9.7028745534602635e+01
   4.4900000000000006e+01   9.9642556316115460e+01
   4.5000000000000000e+01   1.0160148417991506e+02
   4.5100000000000001e+01   1.0287464399975219e+02
   4.5200000000000003e+01   1.0347237098350182e+02
   4.5300000000000004e+01   1.0343782489216852e+02
   4.5400000000000006e+01   1.0283649979643965e+02
   4.5500000000000000e+01   1.0174614585202028e+02
   4.5600000000000001e+01   1.0024853364428327e+02
   4.5700000000000003e+01   9.8423524373932494e+01
   4.5800000000000004e+01   9.6345293060504915e+01
   4.5900000000000006e+01   9.4080273771027777e+01
   4.6000000000000000e+01   9.1686342814537696e+01
   4.6100000000000001e+01   8.9212815967349940e+01
   4.6200000000000003e+01   8.6700933618107342e+01
   4.6300000000000004e+01   8.4184603593305994e+01
   4.6400000000000006e+01   8.1664085446183407e+01
   4.6500000000000000e+01   7.9188559758732183e+01
   4.6600000000000001e+01   7.6777158973728504e+01
   4.6700000000000003e+01   7.4442787453490041e+01
   4.6800000000000004e+01   7.2194785493538419e+01
   4.6900000000000006e+01   7.0039682113160652e+01
   4.7000000000000000e+01   6.7981709690953011e+01
   4.7100000000000001e+01   6.6023231930454145e+01
   4.7200000000000003e+01   6.4165105573255460e+01
   4.7300000000000004e+01   6.2406984972210601e+01
   4.7400000000000006e+01   6.0747577266401038e+01
   4.7500000000000000e+01   5.9184855168665329e+01
   4.7600000000000001e+01   5.7716233617754561e+01
   4.7700000000000003e+01   5.6338715781735431e+01
   4.7800000000000004e+01   5.5049013171696799e+01
   4.7900000000000006e+01   5.3843643959604805e+01
   4.8000000000000000e+01   5.2719013000913428e+01
   4.8100000000000001e+01   5.1671476542279123e+01
   4.8200000000000003e+01   5.0697394140007638e+01
   4.8300000000000004e+01   4.9793169955478334e+01
   4.8400000000000006e+01   4.8955285163463245e+01
   4.8500000000000000e+01   4.8180323120155798e+01
   4.8600000000000001e+01   4.7464988462419910e+01
   4.8700000000000003e+01   4.6806121287899451e+01
   4.8800000000000004e+01   4.6200707308904761e+01
   4.8900000000000006e+01   4.5645884749494186e+01
   4.9000000000000000e+01   4.5138948631317000e+01
   4.9100000000000001e+01   4.4677352990922827e+01
   4.9200000000000003e+01   4.4258711484952656e+01
   4.9300000000000004e+01   4.3880796767342893e+01
   4.9400000000000006e+01   4.3541538962290630e+01
   4.9500000000000000e+01   4.3239023506477579e+01
   4.9600000000000001e+01   4.2971488592467843e+01
   4.9700000000000003e+01   4.2737322411034448e+01
   4.9800000000000004e+01   4.2535060362419117e+01
   4.9900000000000006e+01   4.2363382384334038e+01
   5.0000000000000000e+01   4.2221110527173209e+01
   5.0100000000000001e+01   4.2107206893872188e+01
   5.0200000000000003e+01   4.2020772052671632e+01
   5.0300000000000004e+01   4.1961044025386762e+01
   5.0400000000000006e+01   4.1927397951381842e+01
   5.0500000000000000e+01   4.1919346528156517e+01
   5.0600000000000001e+01   4.1936541333155382e+01
   5.0700000000000003e+01   4.1978775138102016e+01
   5.0800000000000004e+01   4.2045985336834796e+01
   5.0900000000000006e+01   4.2138258620411229e+01
   5.1000000000000000e+01   4.2255837049219657e+01
   5.1100000000000001e+01   4.2399125691147006e+01
   5.1200000000000003e+01   4.2568702017634543e+01
   5.1300000000000004e+01   4.2765327275758061e+01
   5.1400000000000006e+01   4.2989960084285833e+01
   5.1500000000000000e+01   4.3243772534713685e+01
   5.1600000000000001e+01   4.3528169113969120e+01
   5.1700000000000003e+01   4.3844808802614928e+01
   5.1800000000000004e+01   4.4195630738865717e+01
   5.1900000000000006e+01   4.4582883871082281e+01
   5.2000000000000000e+01   4.5009161044030321e+01
   5.2100000000000001e+01   4.5477437968296918e+01
   5.2200000000000003e+01   4.5991117494424849e+01
   5.2300000000000004e+01   4.6554079533198333e+01
   5.2400000000000006e+01   4.7170736800699174e+01
   5.2500000000000000e+01   4.7846096276422692e+01
   5.2600000000000001e+01   4.8585825779489994e+01
   5.2700000000000003e+01   4.9396324297647887e+01
   5.2800000000000004e+01   5.0284793512869470e+01
   5.2900000000000006e+01   5.1259306170540533e+01
   5.3000000000000000e+01   5.2328864285791241e+01
   5.3100000000000001e+01   5.3503436344712597e+01
   5.3200000000000003e+01   5.4793957241809991e+01
   5.3300000000000004e+01   5.6212267261216844e+01
   5.3400000000000006e+01   5.7770956581119449e+01
   5.3500000000000000e+01   5.9483069461865618e+01
   5.3600000000000001e+01   6.1361608077658310e+01
   5.3700000000000003e+01   6.3418761917203817e+01
   5.3800000000000004e+01   6.5664779400434085e+01
   5.3900000000000006e+01   6.8106402340225245e+01
   5.4000000000000000e+01   7.0744814482400017e+01
   5.4100000000000001e+01   7.3573130583660856e+01
   5.4200000000000003e+01   7.6573588097866164e+01
   5.4300000000000004e+01   7.9714804348880435e+01
   5.4400000000000006e+01   8.2949695690300587e+01
   5.4500000000000000e+01   8.6214839645772869e+01
   5.4600000000000001e+01   8.9432062718393780e+01
   5.4700000000000003e+01   9.2512726792242418e+01
   5.4800000000000004e+01   9.5364543489991448e+01
   5.4900000000000006e+01   9.7899942934033618e+01
   5.5000000000000000e+01   1.0004440506045299e+02
