   0.0000000000000000e+00   0.0000000000000000e+00
   1.0000000000000001e-01   1.3582800241912594e+02
   2.0000000000000001e-01   1.5422798492865533e+02
   3.0000000000000004e-01   1.5674667647332819e+02
   4.0000000000000002e-01   3.3324744307751394e+02
   5.0000000000000000e-01   3.1881875601086193e+02
   6.0000000000000009e-01   2.9038616217145977e+02
   7.0000000000000007e-01   2.6306602291669105e+02
   8.0000000000000004e-01   2.3802032099627590e+02
   9.0000000000000002e-01   2.1522602323531007e+02
   1.0000000000000000e+00   1.9455040381159560e+02
   1.1000000000000001e+00   1.7584154382724500e+02
   1.2000000000000002e+00   1.5894119352423135e+02
   1.3000000000000000e+00   1.4369162142050936e+02
   1.4000000000000001e+00   1.2994065152497603e+02
   1.5000000000000000e+00   1.1754494534629268e+02
   1.6000000000000001e+00   1.0637178138014299e+02
   1.7000000000000002e+00   9.6299727538650416e+01
   1.8000000000000000e+00   8.7218579761566247e+01
   1.9000000000000001e+00   7.9028858397811788e+01
   2.0000000000000000e+00   7.1641067958414496e+01
   2.1000000000000001e+00   6.4974855267254085e+01
   2.2000000000000002e+00   5.8958149406083074e+01
   2.3000000000000003e+00   5.3526331619247770e+01
   2.4000000000000004e+00   4.8621460483591491e+01
   2.5000000000000000e+00   4.4191563443158415e+01
   2.6000000000000001e+00   4.0189997365701615e+01
   2.7000000000000002e+00   3.6574876034959949e+01
   2.8000000000000003e+00   3.3308560050392444e+01
   2.9000000000000004e+00   3.0357203549605835e+01
   3.0000000000000000e+00   2.7690351915692787e+01
   3.1000000000000001e+00   2.5280584820101549e+01
   3.2000000000000002e+00   2.3103199361906299e+01
   3.3000000000000003e+00   2.1135928566665697e+01
   3.4000000000000004e+00   1.9358691028840568e+01
   3.5000000000000000e+00   1.7753367981260457e+01
   3.6000000000000001e+00   1.6303604534162886e+01
   3.7000000000000002e+00   1.4994632237434818e+01
   3.8000000000000003e+00   1.3813110482029343e+01
   3.9000000000000004e+00   1.2746984572725594e+01
   4.0000000000000000e+00   1.1785358578757890e+01
   4.1000000000000005e+00   1.0918381306039510e+01
   4.2000000000000002e+00   1.0137143939616427e+01
   4.2999999999999998e+00   9.4335880819331130e+00
   4.4000000000000004e+00   8.8004230654885287e+00
   4.5000000000000000e+00   8.2310515509629276e+00
   4.6000000000000005e+00   7.7195025368734731e+00
   4.7000000000000002e+00   7.2603710068522451e+00
   4.8000000000000007e+00   6.8487635278806254e+00
   4.9000000000000004e+00   6.4802491891067140e+00
   5.0000000000000000e+00   6.1508153377501511e+00
   5.1000000000000005e+00   5.8568276274038205e+00
   5.2000000000000002e+00   5.5949939458304394e+00
   5.3000000000000007e+00   5.3623318351195373e+00
   5.4000000000000004e+00   5.1561390575564152e+00
   5.5000000000000000e+00   4.9739669964913933e+00
   5.6000000000000005e+00   4.8135966134060704e+00
   5.7000000000000002e+00   4.6730167107972322e+00
   5.8000000000000007e+00   4.5504042758426788e+00
   5.9000000000000004e+00   4.4441067024268595e+00
   6.0000000000000000e+00   4.3526257093493594e+00
   6.1000000000000005e+00   4.2746027906441277e+00
   6.2000000000000002e+00   4.2088060501706277e+00
   6.3000000000000007e+00   4.1541182872029330e+00
   6.4000000000000004e+00   4.1095262128167223e+00
   6.5000000000000000e+00   4.0741106886250922e+00
   6.6000000000000005e+00   4.0470378899835566e+00
   6.7000000000000002e+00   4.0275513052885481e+00
   6.8000000000000007e+00   4.0149644915661478e+00
   6.9000000000000004e+00   4.0086545142502912e+00
   7.0000000000000000e+00   4.0080560060108734e+00
   7.1000000000000005e+00   4.0126557857601473e+00
   7.2000000000000002e+00   4.0219879846196021e+00
   7.3000000000000007e+00   4.0356296307331112e+00
   7.4000000000000004e+00   4.0531966494252805e+00
   7.5000000000000000e+00   4.0743402393532238e+00
   7.6000000000000005e+00   4.0987435890692065e+00
   7.7000000000000002e+00   4.1261189017959907e+00
   7.8000000000000007e+00   4.1562046992901172e+00
   7.9000000000000004e+00   4.1887633784369536e+00
   8.0000000000000000e+00   4.2235789967292714e+00
   8.0999999999999996e+00   4.2604552650442109e+00
   8.2000000000000011e+00   4.2992137281849185e+00
   8.3000000000000007e+00   4.3396921155017543e+00
   8.4000000000000004e+00   4.3817428455867677e+00
   8.5000000000000000e+00   4.4252316705496062e+00
   8.5999999999999996e+00   4.4700364467539471e+00
   8.7000000000000011e+00   4.5160460201343344e+00
   8.8000000000000007e+00   4.5631592153357463e+00
   8.9000000000000004e+00   4.6112839189348245e+00
   9.0000000000000000e+00   4.6603362479195010e+00
   9.0999999999999996e+00   4.7102397954372162e+00
   9.2000000000000011e+00   4.7609249465760133e+00
   9.3000000000000007e+00   4.8123282576200648e+00
   9.4000000000000004e+00   4.8643918928454104e+00
   9.5000000000000000e+00   4.9170631134737031e+00
   9.6000000000000014e+00   4.9702938139137860e+00
   9.7000000000000011e+00   5.0240401008716642e+00
   9.8000000000000007e+00   5.0782619113330272e+00
   9.9000000000000004e+00   5.1329226657917584e+00
   1.0000000000000000e+01   5.1879889534383672e+00
   1.0100000000000001e+01   5.2434302463354152e+00
   1.0200000000000001e+01   5.2992186398799728e+00
   1.0300000000000001e+01   5.3553286171094090e+00
   1.0400000000000000e+01   5.4117368346355699e+00
   1.0500000000000000e+01   5.4684219281981559e+00
   1.0600000000000001e+01   5.5253643360170344e+00
   1.0700000000000001e+01   5.5825461382946315e+00
   1.0800000000000001e+01   5.6399509113703727e+00
   1.0900000000000000e+01   5.6975635951733645e+00
   1.1000000000000000e+01   5.7553703727411536e+00
   1.1100000000000001e+01   5.8133585606922615e+00
   1.1200000000000001e+01   5.8715165096397994e+00
   1.1300000000000001e+01   5.9298335136282603e+00
   1.1400000000000000e+01   5.9882997277665364e+00
   1.1500000000000000e+01   6.0469060932976744e+00
   1.1600000000000001e+01   6.1056442694250537e+00
   1.1700000000000001e+01   6.1645065712728027e+00
   1.1800000000000001e+01   6.2234859134195020e+00
   1.1900000000000000e+01   6.2825757584919995e+00
   1.2000000000000000e+01   6.3417700703580611e+00
   1.2100000000000001e+01   6.4010632714981242e+00
   1.2200000000000001e+01   6.4604502041713987e+00
   1.2300000000000001e+01   6.5199260950353004e+00
   1.2400000000000000e+01   6.5794865228993302e+00
   1.2500000000000000e+01   6.6391273893305351e+00
   1.2600000000000001e+01   6.6988448918527519e+00
   1.2700000000000001e+01   6.7586354995019073e+00
   1.2800000000000001e+01   6.8184959305266037e+00
   1.2900000000000000e+01   6.8784231320383240e+00
   1.3000000000000000e+01   6.9384142614378712e+00
   1.3100000000000001e+01   6.9984666694557873e+00
   1.3200000000000001e+01   7.0585778846629568e+00
   1.3300000000000001e+01   7.1187455993192739e+00
   1.3400000000000000e+01   7.1789676564409337e+00
   1.3500000000000000e+01   7.2392420379781512e+00
   1.3600000000000001e+01   7.2995668540020997e+00
   1.3700000000000001e+01   7.3599403328141824e+00
   1.3800000000000001e+01   7.4203608118949376e+00
   1.3900000000000000e+01   7.4808267296170943e+00
   1.4000000000000000e+01   7.5413366176568983e+00
   1.4100000000000001e+01   7.6018890940423978e+00
   1.4200000000000001e+01   7.6624828567812688e+00
   1.4300000000000001e+01   7.7231166780193288e+00
   1.4400000000000000e+01   7.7837893986820719e+00
   1.4500000000000000e+01   7.8444999235593844e+00
   1.4600000000000001e+01   7.9052472167912518e+00
   1.4700000000000001e+01   7.9660302977253350e+00
   1.4800000000000001e+01   8.0268482371091476e+00
   1.4900000000000000e+01   8.0877001537522712e+00
   1.5000000000000000e+01   8.1485852105191139e+00
   1.5100000000000001e+01   8.2095026129106312e+00
   1.5200000000000001e+01   8.2704516048679544e+00
   1.5300000000000001e+01   8.3314314669434637e+00
   1.5400000000000000e+01   8.3924415138903896e+00
   1.5500000000000000e+01   8.4534810925295858e+00
   1.5600000000000001e+01   8.5145495797913178e+00
   1.5700000000000001e+01   8.5756463809106620e+00
   1.5800000000000001e+01   8.6367709277638731e+00
   1.5900000000000000e+01   8.6979226773349989e+00
   1.6000000000000000e+01   8.7591011103011844e+00
   1.6100000000000001e+01   8.8203057297272718e+00
   1.6199999999999999e+01   8.8815360598632278e+00
   1.6300000000000001e+01   8.9427916450333651e+00
   1.6400000000000002e+01   9.0040720486124499e+00
   1.6500000000000000e+01   9.0653768520813198e+00
   1.6600000000000001e+01   9.1267056541563800e+00
   1.6699999999999999e+01   9.1880580699869263e+00
   1.6800000000000001e+01   9.2494337304167136e+00
   1.6900000000000002e+01   9.3108322813034654e+00
   1.7000000000000000e+01   9.3722533828935859e+00
   1.7100000000000001e+01   9.4336967092478119e+00
   1.7199999999999999e+01   9.4951619477149194e+00
   1.7300000000000001e+01   9.5566487984489772e+00
   1.7400000000000002e+01   9.6181569739698620e+00
   1.7500000000000000e+01   9.6796861987614502e+00
   1.7600000000000001e+01   9.7412362089084166e+00
   1.7699999999999999e+01   9.8028067517665747e+00
   1.7800000000000001e+01   9.8643975856668007e+00
   1.7900000000000002e+01   9.9260084796506600e+00
   1.8000000000000000e+01   9.9876392132356546e+00
   1.8100000000000001e+01   1.0049289576209439e+01
   1.8199999999999999e+01   1.0110959368451338e+01
   1.8300000000000001e+01   1.0172648399779582e+01
   1.8400000000000002e+01   1.0234356489825915e+01
   1.8500000000000000e+01   1.0296083467933499e+01
   1.8600000000000001e+01   1.0357829173079518e+01
   1.8699999999999999e+01   1.0419593453822840e+01
   1.8800000000000001e+01   1.0481376168273101e+01
   1.8900000000000002e+01   1.0543177184084026e+01
   1.9000000000000000e+01   1.0604996378470306e+01
   1.9100000000000001e+01   1.0666833638246326e+01
   1.9200000000000003e+01   1.0728688859889550e+01
   1.9300000000000001e+01   1.0790561949625705e+01
   1.9400000000000002e+01   1.0852452823537984e+01
   1.9500000000000000e+01   1.0914361407700250e+01
   1.9600000000000001e+01   1.0976287638336300e+01
   1.9700000000000003e+01   1.1038231462000898e+01
   1.9800000000000001e+01   1.1100192835789921e+01
   1.9900000000000002e+01   1.1162171727575608e+01
   2.0000000000000000e+01   1.1224168116269817e+01
   2.0100000000000001e+01   1.1286181992116045e+01
   2.0200000000000003e+01   1.1348213357012632e+01
   2.0300000000000001e+01   1.1410262224865514e+01
   2.0400000000000002e+01   1.1472328621975699e+01
   2.0500000000000000e+01   1.1534412587461285e+01
   2.0600000000000001e+01   1.1596514173716182e+01
   2.0700000000000003e+01   1.1658633446907038e+01
   2.0800000000000001e+01   1.1720770487512555e+01
   2.0900000000000002e+01   1.1782925390905984e+01
   2.1000000000000000e+01   1.1845098267984730e+01
   2.1100000000000001e+01   1.1907289245848169e+01
   2.1200000000000003e+01   1.1969498468530620e+01
   2.1300000000000001e+01   1.2031726097789399e+01
   2.1400000000000002e+01   1.2093972313953879e+01
   2.1500000000000000e+01   1.2156237316840279e+01
   2.1600000000000001e+01   1.2218521326735774e+01
   2.1700000000000003e+01   1.2280824585457603e+01
   2.1800000000000001e+01   1.2343147357493853e+01
   2.1900000000000002e+01   1.2405489931230699e+01
   2.2000000000000000e+01   1.2467852620273515e+01
   2.2100000000000001e+01   1.2530235764870586e+01
   2.2200000000000003e+01   1.2592639733445688e+01
   2.2300000000000001e+01   1.2655064924250528e+01
   2.2400000000000002e+01   1.2717511767145556e+01
   2.2500000000000000e+01   1.2779980725520591e+01
   2.2600000000000001e+01   1.2842472298367760e+01
   2.2700000000000003e+01   1.2904987022520089e+01
   2.2800000000000001e+01   1.2967525475068133e+01
   2.2900000000000002e+01   1.3030088275975405e+01
   2.3000000000000000e+01   1.3092676090904881e+01
   2.3100000000000001e+01   1.3155289634280814e+01
   2.3200000000000003e+01   1.3217929672604365e+01
   2.3300000000000001e+01   1.3280597028049602e+01
   2.3400000000000002e+01   1.3343292582365260e+01
   2.3500000000000000e+01   1.3406017281112016e+01
   2.3600000000000001e+01   1.3468772138268742e+01
   2.3700000000000003e+01   1.3531558241243303e+01
   2.3800000000000001e+01   1.3594376756330972e+01
   2.3900000000000002e+01   1.3657228934663769e+01
   2.4000000000000000e+01   1.3720116118703471e+01
   2.4100000000000001e+01   1.3783039749333312e+01
   2.4200000000000003e+01   1.3846001373614714e+01
   2.4300000000000001e+01   1.3909002653279684e+01
   2.4400000000000002e+01   1.3972045374038908e+01
   2.4500000000000000e+01   1.4035131455796167e+01
   2.4600000000000001e+01   1.4098262963874086e+01
   2.4700000000000003e+01   1.4161442121363093e+01
   2.4800000000000001e+01   1.4224671322726465e+01
   2.4900000000000002e+01   1.4287953148809803e+01
   2.5000000000000000e+01   1.4351290383421860e+01
   2.5100000000000001e+01   1.4414686031679700e+01
   2.5200000000000003e+01   1.4478143340335020e+01
   2.5300000000000001e+01   1.4541665820331684e+01
   2.5400000000000002e+01   1.4605257271880152e+01
   2.5500000000000000e+01   1.4668921812373661e+01
   2.5600000000000001e+01   1.4732663907524360e+01
   2.5700000000000003e+01   1.4796488406152461e+01
   2.5800000000000001e+01   1.4860400579126621e+01
   2.5900000000000002e+01   1.4924406163036567e+01
   2.6000000000000000e+01   1.4988511409268567e+01
   2.6100000000000001e+01   1.5052723139266782e+01
   2.6200000000000003e+01   1.5117048806891187e+01
   2.6300000000000001e+01   1.5181496568939833e+01
   2.6400000000000002e+01   1.5246075365089826e+01
   2.6500000000000000e+01   1.5310795008725824e+01
   2.6600000000000001e+01   1.5375666290403160e+01
   2.6700000000000003e+01   1.5440701096000790e+01
   2.6800000000000001e+01   1.5505912542019036e+01
   2.6900000000000002e+01   1.5571315130942878e+01
   2.7000000000000000e+01   1.5636924930171192e+01
   2.7100000000000001e+01   1.5702759778718532e+01
   2.7200000000000003e+01   1.5768839526764948e+01
   2.7300000000000001e+01   1.5835186314209855e+01
   2.7400000000000002e+01   1.5901824895714604e+01
   2.7500000000000000e+01   1.5968783021397437e+01
   2.7600000000000001e+01   1.6036091884435887e+01
   2.7700000000000003e+01   1.6103786649483588e+01
   2.7800000000000001e+01   1.6171907079169070e+01
   2.7900000000000002e+01   1.6240498280250272e+01
   2.8000000000000000e+01   1.6309611596525436e+01
   2.8100000000000001e+01   1.6379305682774284e+01
   2.8200000000000003e+01   1.6449647803356942e+01
   2.8300000000000001e+01   1.6520715411403177e+01
   2.8400000000000002e+01   1.6592598080842414e+01
   2.8500000000000000e+01   1.6665399885355782e+01
   2.8600000000000001e+01   1.6739242347807220e+01
   2.8700000000000003e+01   1.6814268123912061e+01
   2.8800000000000001e+01   1.6890645639316702e+01
   2.8900000000000002e+01   1.6968574976525669e+01
   2.9000000000000000e+01   1.7048295417174820e+01
   2.9100000000000001e+01   1.7130095201144464e+01
   2.9200000000000003e+01   1.7214324290372979e+01
   2.9300000000000001e+01   1.7301411258856238e+01
   2.9400000000000002e+01   1.7391885930474444e+01
   2.9500000000000000e+01   1.7486410150135846e+01
   2.9600000000000001e+01   1.7585820264417379e+01
   2.9700000000000003e+01   1.7691186786276443e+01
   2.9800000000000001e+01   1.7803899822042887e+01
   2.9900000000000002e+01   1.7925794057143545e+01
   3.0000000000000000e+01   1.8059336151914415e+01
   3.0100000000000001e+01   1.8207913683978113e+01
   3.0200000000000003e+01   1.8376295288206190e+01
   3.0300000000000001e+01   1.8571391602523128e+01
   3.0400000000000002e+01   1.8803571182100956e+01
   3.0500000000000000e+01   1.9089062037532138e+01
   3.0600000000000001e+01   1.9454634724872243e+01
   3.0700000000000003e+01   1.9947532518902712e+01
   3.0800000000000001e+01   2.0658969708605728e+01
   3.0900000000000002e+01   2.1788806288527251e+01
   3.1000000000000000e+01   2.3868362774807984e+01
   3.1100000000000001e+01   2.8884927687677738e+01
   3.1200000000000003e+01   5.4164966360562794e+01
   3.1300000000000001e+01   2.5162214922907640e+02
   3.1400000000000002e+01   2.6889518377850300e+02
   3.1500000000000000e+01   2.5378003871635556e+02
   3.1600000000000001e+01   2.3466018649768461e+02
   3.1700000000000003e+01   2.1589136210394540e+02
   3.1800000000000001e+01   1.9829010184621910e+02
   3.1900000000000002e+01   1.8202299765220761e+02
   3.2000000000000000e+01   1.6708900838514987e+02
   3.2100000000000001e+01   1.5340365814320759e+02
   3.2200000000000003e+01   1.4091618339832223e+02
   3.2300000000000004e+01   1.2954377907602063e+02
   3.2399999999999999e+01   1.1920098558780799e+02
   3.2500000000000000e+01   1.0980473351329238e+02
   3.2600000000000001e+01   1.0127601577806816e+02
   3.2700000000000003e+01   9.3540608752010812e+01
   3.2800000000000004e+01   8.6529346827917820e+01
   3.2899999999999999e+01   8.0178148699644552e+01
   3.3000000000000000e+01   7.4427898807306363e+01
   3.3100000000000001e+01   6.9224243850019249e+01
   3.3200000000000003e+01   6.4517341024430380e+01
   3.3300000000000004e+01   6.0261581285863855e+01
   3.3399999999999999e+01   5.6415302802783103e+01
   3.3500000000000000e+01   5.2940504595356430e+01
   3.3600000000000001e+01   4.9802566919786351e+01
   3.3700000000000003e+01   4.6969982625112749e+01
   3.3800000000000004e+01   4.4414102089140307e+01
   3.3899999999999999e+01   4.2108893204567188e+01
   3.4000000000000000e+01   4.0030717088555662e+01
   3.4100000000000001e+01   3.8158119631398726e+01
   3.4200000000000003e+01   3.6471638615513001e+01
   3.4300000000000004e+01   3.4953625877282619e+01
   3.4399999999999999e+01   3.3588083817135264e+01
   3.4500000000000000e+01   3.2360515462585631e+01
   3.4600000000000001e+01   3.1257787236427152e+01
   3.4700000000000003e+01   3.0268003564108099e+01
   3.4800000000000004e+01   2.9380392460424311e+01
   3.4899999999999999e+01   2.8585201258477596e+01
   3.5000000000000000e+01   2.7873601677798234e+01
   3.5100000000000001e+01   2.7237603469495369e+01
   3.5200000000000003e+01   2.6669975921286163e+01
   3.5300000000000004e+01   2.6164176552071005e+01
   3.5399999999999999e+01   2.5714286372818719e+01
   3.5500000000000000e+01   2.5314951136808165e+01
   3.5600000000000001e+01   2.4961328047011275e+01
   3.5700000000000003e+01   2.4649037431078973e+01
   3.5800000000000004e+01   2.4374118934757583e+01
   3.5899999999999999e+01   2.4132991822411192e+01
   3.6000000000000000e+01   2.3922419008641000e+01
   3.6100000000000001e+01   2.3739474477764290e+01
   3.6200000000000003e+01   2.3581513778214234e+01
   3.6300000000000004e+01   2.3446147306848978e+01
   3.6399999999999999e+01   2.3331216123830917e+01
   3.6500000000000000e+01   2.3234770062276631e+01
   3.6600000000000001e+01   2.3155047918437369e+01
   3.6700000000000003e+01   2.3090459527874664e+01
   3.6800000000000004e+01   2.3039569551084185e+01
   3.6899999999999999e+01   2.3001082808436170e+01
   3.7000000000000000e+01   2.2973831019247534e+01
   3.7100000000000001e+01   2.2956760813431288e+01
   3.7200000000000003e+01   2.2948922896550545e+01
   3.7300000000000004e+01   2.2949462260400075e+01
   3.7399999999999999e+01   2.2957609341491263e+01
   3.7500000000000000e+01   2.2972672039156084e+01
   3.7600000000000001e+01   2.2994028513477772e+01
   3.7700000000000003e+01   2.3021120690992738e+01
   3.7800000000000004e+01   2.3053448413144611e+01
   3.7899999999999999e+01   2.3090564168890296e+01
   3.8000000000000000e+01   2.3132068358716666e+01
   3.8100000000000001e+01   2.3177605042681350e+01
   3.8200000000000003e+01   2.3226858129992223e+01
   3.8300000000000004e+01   2.3279547972149082e+01
   3.8400000000000006e+01   2.3335428325825180e+01
   3.8500000000000000e+01   2.3394283655514634e+01
   3.8600000000000001e+01   2.3455926749557023e+01
   3.8700000000000003e+01   2.3520196626522619e+01
   3.8800000000000004e+01   2.3586956712113107e+01
   3.8900000000000006e+01   2.3656093269813333e+01
   3.9000000000000000e+01   2.3727514071468818e+01
   3.9100000000000001e+01   2.3801147296891369e+01
   3.9200000000000003e+01   2.3876940654522393e+01
   3.9300000000000004e+01   5.1119102972753531e+01
   3.9400000000000006e+01   5.0983850794233803e+01
   3.9500000000000000e+01   4.8715591261922384e+01
   3.9600000000000001e+01   4.6482113108096222e+01
   3.9700000000000003e+01   4.4451061937390541e+01
   3.9800000000000004e+01   4.2618463723266508e+01
   3.9900000000000006e+01   4.0967201321370510e+01
   4.0000000000000000e+01   3.9480604333833355e+01
   4.0100000000000001e+01   3.8143482814292753e+01
   4.0200000000000003e+01   3.6942085272746901e+01
   4.0300000000000004e+01   3.5863975893189810e+01
   4.0400000000000006e+01   3.4897916209179229e+01
   4.0500000000000000e+01   3.4033757667383298e+01
   4.0600000000000001e+01   3.3262344776698853e+01
   4.0700000000000003e+01   3.2575428057034941e+01
   4.0800000000000004e+01   3.1965586057170146e+01
   4.0900000000000006e+01   3.1426155811902969e+01
   4.1000000000000000e+01   3.0951171214700093e+01
   4.1100000000000001e+01   3.0535308892756095e+01
   4.1200000000000003e+01   3.0173841290577322e+01
   4.1300000000000004e+01   2.9862596801284070e+01
   4.1400000000000006e+01   2.9597926939011842e+01
   4.1500000000000000e+01   2.9376680730996963e+01
   4.1600000000000001e+01   2.9196186738039600e+01
   4.1700000000000003e+01   2.9054243406705726e+01
   4.1800000000000004e+01   2.8949118844199109e+01
   4.1900000000000006e+01   2.8879561628820333e+01
   4.2000000000000000e+01   2.8844824986857027e+01
   4.2100000000000001e+01   2.8844707673547180e+01
   4.2200000000000003e+01   2.8879616333688460e+01
   4.2300000000000004e+01   2.8950656208436047e+01
   4.2400000000000006e+01   2.9059760151142690e+01
   4.2500000000000000e+01   2.9209870587413150e+01
   4.2600000000000001e+01   2.9405196247285399e+01
   4.2700000000000003e+01   2.9651576810666874e+01
   4.2800000000000004e+01   2.9957006822411451e+01
   4.2900000000000006e+01   3.0332400324849068e+01
   4.3000000000000000e+01   3.0792728801584580e+01
   4.3100000000000001e+01   3.1358754762240299e+01
   4.3200000000000003e+01   3.2059746452270225e+01
   4.3300000000000004e+01   3.2937868000994868e+01
   4.3400000000000006e+01   3.4055551254554352e+01
   4.3500000000000000e+01   3.5508433034368394e+01
   4.3600000000000001e+01   3.7449272293250615e+01
   4.3700000000000003e+01   4.0134972087636179e+01
   4.3800000000000004e+01   4.4025957564055382e+01
   4.3900000000000006e+01   5.0014068785213759e+01
   4.4000000000000000e+01   5.9986572709762847e+01
   4.4100000000000001e+01   7.8201734423381197e+01
   4.4200000000000003e+01   1.1264221343593280e+02
   4.4300000000000004e+01   1.6114082621498713e+02
   4.4400000000000006e+01   1.9454977428330372e+02
   4.4500000000000000e+01   2.0535785484431764e+02
   4.4600000000000001e+01   2.0346458132358379e+02
   4.4700000000000003e+01   1.9584975873170808e+02
   4.4800000000000004e+01   1.8584472870417019e+02
   4.4900000000000006e+01   1.7500152051132244e+02
   4.5000000000000000e+01   1.6407802455879025e+02
   4.5100000000000001e+01   1.5345948576513439e+02
   4.5200000000000003e+01   1.4334304904202719e+02
   4.5300000000000004e+01   1.3382466477900897e+02
   4.5400000000000006e+01   1.2494320890328451e+02
   4.5500000000000000e+01   1.1670438749517425e+02
   4.5600000000000001e+01   1.0906723175018632e+02
   4.5700000000000003e+01   1.0203394813761960e+02
   4.5800000000000004e+01   9.5575141720778262e+01
   4.5900000000000006e+01   8.9656042877800601e+01
   4.6000000000000000e+01   8.4240520206812150e+01
   4.6100000000000001e+01   7.9292542854347090e+01
   4.6200000000000003e+01   7.4777014608229649e+01
   4.6300000000000004e+01   7.0660283362972464e+01
   4.6400000000000006e+01   6.6910440893837830e+01
   4.6500000000000000e+01   6.3497481579943809e+01
   4.6600000000000001e+01   6.0393365626515852e+01
   4.6700000000000003e+01   5.7572017873911946e+01
   4.6800000000000004e+01   5.5009283709496678e+01
   4.6900000000000006e+01   5.2682857111246541e+01
   4.7000000000000000e+01   5.0572191379638824e+01
   4.7100000000000001e+01   4.8658399988089585e+01
   4.7200000000000003e+01   4.6924152772069306e+01
   4.7300000000000004e+01   4.5353571100621643e+01
   4.7400000000000006e+01   4.3932124542123937e+01
   4.7500000000000000e+01   4.2646530719887402e+01
   4.7600000000000001e+01   4.1484659463317470e+01
   4.7700000000000003e+01   4.0435441934191438e+01
   4.7800000000000004e+01   3.9488785100714225e+01
   4.7900000000000006e+01   3.8635491712412275e+01
   4.8000000000000000e+01   3.7867185773492047e+01
   4.8100000000000001e+01   3.7176243404111915e+01
   4.8200000000000003e+01   3.6555728905735954e+01
   4.8300000000000004e+01   3.5999335799088556e+01
   4.8400000000000006e+01   3.5501332574488991e+01
   4.8500000000000000e+01   3.5056512879398930e+01
   4.8600000000000001e+01   3.4660149863087000e+01
   4.8700000000000003e+01   3.4307954400601680e+01
   4.8800000000000004e+01   3.3996036925614000e+01
   4.8900000000000006e+01   3.3720872612625556e+01
   4.9000000000000000e+01   3.3479269662310337e+01
   4.9100000000000001e+01   3.3268340458617985e+01
   4.9200000000000003e+01   3.3085475382005271e+01
   4.9300000000000004e+01   3.2928319079449821e+01
   4.9400000000000006e+01   3.2794749008372690e+01
   4.9500000000000000e+01   3.2682856088147673e+01
   4.9600000000000001e+01   3.2590927309399902e+01
   4.9700000000000003e+01   3.2517430167797443e+01
   4.9800000000000004e+01   3.2460998805597335e+01
   4.9900000000000006e+01   3.2420421760981611e+01
   5.0000000000000000e+01   3.2394631242372370e+01
   5.0100000000000001e+01   3.2382693862801062e+01
   5.0200000000000003e+01   3.2383802788344227e+01
   5.0300000000000004e+01   3.2397271275180174e+01
   5.0400000000000006e+01   3.2422527592533129e+01
   5.0500000000000000e+01   3.2459111354542607e+01
   5.0600000000000001e+01   3.2506671313919924e+01
   5.0700000000000003e+01   3.2564964705572137e+01
   5.0800000000000004e+01   3.2633858270946682e+01
   5.0900000000000006e+01   3.2713331146152193e+01
   5.1000000000000000e+01   3.2803479862108283e+01
   5.1100000000000001e+01   3.2904525787459491e+01
   5.1200000000000003e+01   3.3016825450662360e+01
   5.1300000000000004e+01   3.3140884314670721e+01
   5.1400000000000006e+01   3.3277374757271204e+01
   5.1500000000000000e+01   3.3427159248181077e+01
   5.1600000000000001e+01   3.3591320032892980e+01
   5.1700000000000003e+01   3.3771197064963324e+01
   5.1800000000000004e+01   3.3968436519328328e+01
   5.1900000000000006e+01   3.4185053037270642e+01
   5.2000000000000000e+01   3.4423509999626653e+01
   5.2100000000000001e+01   3.4686823750599267e+01
   5.2200000000000003e+01   3.4978700031921520e+01
   5.2300000000000004e+01   3.5303714296076073e+01
   5.2400000000000006e+01   3.5667552615835959e+01
   5.2500000000000000e+01   3.6077337508865689e+01
   5.2600000000000001e+01   3.6542074647618634e+01
   5.2700000000000003e+01   3.7073274632703146e+01
   5.2800000000000004e+01   3.7685833064680132e+01
   5.2900000000000006e+01   3.8399299585772255e+01
   5.3000000000000000e+01   3.9239745939158539e+01
   5.3100000000000001e+01   4.0242579501116438e+01
   5.3200000000000003e+01   4.1456889944896851e+01
   5.3300000000000004e+01   4.2952356212300195e+01
   5.3400000000000006e+01   4.4830566579729016e+01
   5.3500000000000000e+01   4.7244199495151825e+01
   5.3600000000000001e+01   5.0430651618640717e+01
   5.3700000000000003e+01   5.4772815103461255e+01
   5.3800000000000004e+01   6.0910433194251425e+01
   5.3900000000000006e+01   6.9935160012622703e+01
   5.4000000000000000e+01   8.3645453742448524e+01
   5.4100000000000001e+01   1.0434743873226964e+02
   5.4200000000000003e+01   1.3213429552673469e+02
   5.4300000000000004e+01   1.5993287914880733e+02
   5.4400000000000006e+01   1.7853956186002534e+02
   5.4500000000000000e+01   1.8630863937611451e+02
   5.4600000000000001e+01   1.8638072680649881e+02
   5.4700000000000003e+01   1.8193715975823812e+02
   5.4800000000000004e+01   1.7506656887438191e+02
   5.4900000000000006e+01   1.6700296385457210e+02
   5.5000000000000000e+01   1.5846409036396091e+02
