   0.0000000000000000e+00   0.0000000000000000e+00
   1.0000000000000001e-01   0.0000000000000000e+00
   2.0000000000000001e-01   0.0000000000000000e+00
   3.0000000000000004e-01   1.5008718167905232e+02
   4.0000000000000002e-01   1.5008718167905232e+02
   5.0000000000000000e-01   2.4775516500593008e+02
   6.0000000000000009e-01   2.4775516500593008e+02
   7.0000000000000007e-01   2.2679749164431550e+02
   8.0000000000000004e-01   2.2679749164431550e+02
   9.0000000000000002e-01   1.8084844922505528e+02
   1.0000000000000000e+00   1.8084844922505528e+02
   1.1000000000000001e+00   1.4451206909178228e+02
   1.2000000000000002e+00   1.3277164816692166e+02
   1.3000000000000000e+00   1.1319925413465891e+02
   1.4000000000000001e+00   9.9402596561491748e+01
   1.5000000000000000e+00   8.9305723681124775e+01
   1.6000000000000001e+00   8.0526987558447786e+01
   1.7000000000000002e+00   7.2522548935629146e+01
   1.8000000000000000e+00   6.5263743520707521e+01
   1.9000000000000001e+00   5.8728332242507619e+01
   2.0000000000000000e+00   5.2856520342587920e+01
   2.1000000000000001e+00   4.7582020925034385e+01
   2.2000000000000002e+00   4.2844566619642421e+01
   2.3000000000000003e+00   3.8590576542079980e+01
   2.4000000000000004e+00   3.4771915741544476e+01
   2.5000000000000000e+00   3.1345124291863424e+01
   2.6000000000000001e+00   2.8270968565648147e+01
   2.7000000000000002e+00   2.5514069181288956e+01
   2.8000000000000003e+00   2.3042547077541720e+01
   2.9000000000000004e+00   2.0827690718694836e+01
   3.0000000000000000e+00   1.8843650471508155e+01
   3.1000000000000001e+00   1.7067160024073935e+01
   3.2000000000000002e+00   1.5477282979466267e+01
   3.3000000000000003e+00   1.4055183278371963e+01
   3.4000000000000004e+00   1.2783917012021195e+01
   3.5000000000000000e+00   1.1648244269159225e+01
   3.6000000000000001e+00   1.0634459311507083e+01
   3.7000000000000002e+00   9.7302369482115125e+00
   3.8000000000000003e+00   8.9244944096495971e+00
   3.9000000000000004e+00   8.2072666661461291e+00
   4.0000000000000000e+00   7.5695940726272504e+00
   4.1000000000000005e+00   7.0034212838927523e+00
   4.2000000000000002e+00   6.5015063080293700e+00
   4.2999999999999998e+00   6.0573384913160666e+00
   4.4000000000000004e+00   6.0573384913160666e+00
   4.5000000000000000e+00   5.4333999941773570e+00
   4.6000000000000005e+00   5.3302013922502667e+00
   4.7000000000000002e+00   4.8366373286881092e+00
   4.8000000000000007e+00   4.5306997127045889e+00
   4.9000000000000004e+00   4.3511532673026210e+00
   5.0000000000000000e+00   4.2100472206532125e+00
   5.1000000000000005e+00   4.0866569056721147e+00
   5.2000000000000002e+00   3.9804702631012212e+00
   5.3000000000000007e+00   3.8915700995483249e+00
   5.4000000000000004e+00   3.8186194852229960e+00
   5.5000000000000000e+00   3.7599569068738070e+00
   5.6000000000000005e+00   3.7140746213295550e+00
   5.7000000000000002e+00   3.6796532214666833e+00
   5.8000000000000007e+00   3.6555190670091164e+00
   5.9000000000000004e+00   3.6406183937285341e+00
   6.0000000000000000e+00   3.6340037875057796e+00
   6.1000000000000005e+00   3.6348240544770150e+00
   6.2000000000000002e+00   3.6423147319473159e+00
   6.3000000000000007e+00   3.6557892535848957e+00
   6.4000000000000004e+00   3.6746311410533750e+00
   6.5000000000000000e+00   3.6982868329218377e+00
   6.6000000000000005e+00   3.7262592903730685e+00
   6.7000000000000002e+00   3.7581022813997222e+00
   6.8000000000000007e+00   3.7934152333276572e+00
   6.9000000000000004e+00   3.8318385796056731e+00
   7.0000000000000000e+00   3.8730495864429670e+00
   7.1000000000000005e+00   3.9167586478763283e+00
   7.2000000000000002e+00   3.9627058687927708e+00
   7.3000000000000007e+00   4.0106580935881375e+00
   7.4000000000000004e+00   4.0604061549016635e+00
   7.5000000000000000e+00   4.1117624335411662e+00
   7.6000000000000005e+00   4.1645586966030379e+00
   7.7000000000000002e+00   4.2186440615474829e+00
   7.8000000000000007e+00   4.2738833040942836e+00
   7.9000000000000004e+00   4.3301551979073594e+00
   8.0000000000000000e+00   4.3873511202376925e+00
   8.0999999999999996e+00   4.4453737549092764e+00
   8.2000000000000011e+00   4.5041359396651437e+00
   8.3000000000000007e+00   4.5635596157476144e+00
   8.4000000000000004e+00   4.6235749277356852e+00
   8.5000000000000000e+00   4.6841193318591934e+00
   8.5999999999999996e+00   4.7451369160396162e+00
   8.7000000000000011e+00   4.8065776461321263e+00
   8.8000000000000007e+00   4.8683968110538878e+00
   8.9000000000000004e+00   4.9305544613362784e+00
   9.0000000000000000e+00   4.9930149201817819e+00
   9.0999999999999996e+00   5.0557463367844058e+00
   9.2000000000000011e+00   5.1187202954405819e+00
   9.3000000000000007e+00   5.1819114686333378e+00
   9.4000000000000004e+00   5.2452972869456715e+00
   9.5000000000000000e+00   5.3088576584428004e+00
   9.6000000000000014e+00   5.3725747071231567e+00
   9.7000000000000011e+00   5.4364325532798574e+00
   9.8000000000000007e+00   5.5004170935575303e+00
   9.9000000000000004e+00   5.5645158241595105e+00
   1.0000000000000000e+01   5.6287176678462281e+00
   1.0100000000000001e+01   5.6930128328298579e+00
   1.0200000000000001e+01   5.7573926696581346e+00
   1.0300000000000001e+01   5.8218495556388028e+00
   1.0400000000000000e+01   5.8863767890775520e+00
   1.0500000000000000e+01   5.9509684892580239e+00
   1.0600000000000001e+01   6.0156195079881236e+00
   1.0700000000000001e+01   6.0803253575798522e+00
   1.0800000000000001e+01   6.1450821355584218e+00
   1.0900000000000000e+01   6.2098864691026989e+00
   1.1000000000000000e+01   6.2747354530015009e+00
   1.1100000000000001e+01   6.3396266013944214e+00
   1.1200000000000001e+01   6.4045578038176565e+00
   1.1300000000000001e+01   6.4695272877814958e+00
   1.1400000000000000e+01   6.5345335774016355e+00
   1.1500000000000000e+01   6.5995754668080053e+00
   1.1600000000000001e+01   6.6646519879274280e+00
   1.1700000000000001e+01   6.7297623876245716e+00
   1.1800000000000001e+01   6.7949061027969826e+00
   1.1900000000000000e+01   6.8600827417522048e+00
   1.2000000000000000e+01   6.9252920654352401e+00
   1.2100000000000001e+01   6.9905339714066983e+00
   1.2200000000000001e+01   7.0558084806582322e+00
   1.2300000000000001e+01   7.1211157217634380e+00
   1.2400000000000000e+01   7.1864559252494686e+00
   1.2500000000000000e+01   7.2518294071262090e+00
   1.2600000000000001e+01   7.3172365643121573e+00
   1.2700000000000001e+01   7.3826778661296721e+00
   1.2800000000000001e+01   7.4481538472741526e+00
   1.2900000000000000e+01   7.5136650998763876e+00
   1.3000000000000000e+01   7.5792122710818255e+00
   1.3100000000000001e+01   7.6447960582570751e+00
   1.3200000000000001e+01   7.7104172032194107e+00
   1.3300000000000001e+01   7.7760764876373401e+00
   1.3400000000000000e+01   7.8417747369758928e+00
   1.3500000000000000e+01   7.9075128064918232e+00
   1.3600000000000001e+01   7.9732915912487101e+00
   1.3700000000000001e+01   8.0391120159370999e+00
   1.3800000000000001e+01   8.1049750375301599e+00
   1.3900000000000000e+01   8.1708816395318351e+00
   1.4000000000000000e+01   8.2368328397457446e+00
   1.4100000000000001e+01   8.3028296796254786e+00
   1.4200000000000001e+01   8.3688732300548629e+00
   1.4300000000000001e+01   8.4349645890200442e+00
   1.4400000000000000e+01   8.5011048820513579e+00
   1.4500000000000000e+01   8.5672952625763799e+00
   1.4600000000000001e+01   8.6335369099486137e+00
   1.4700000000000001e+01   8.6998310334487350e+00
   1.4800000000000001e+01   8.7661788700783561e+00
   1.4900000000000000e+01   8.8325816857430794e+00
   1.5000000000000000e+01   8.8990407767619573e+00
   1.5100000000000001e+01   8.9655574686120509e+00
   1.5200000000000001e+01   9.0321331203799815e+00
   1.5300000000000001e+01   9.0987691229997836e+00
   1.5400000000000000e+01   9.1654669001965949e+00
   1.5500000000000000e+01   9.2322279111196615e+00
   1.5600000000000001e+01   9.2990536525801026e+00
   1.5700000000000001e+01   9.3659456568015997e+00
   1.5800000000000001e+01   9.4329054958288694e+00
   1.5900000000000000e+01   9.4999347831064007e+00
   1.6000000000000000e+01   9.5670351730756664e+00
   1.6100000000000001e+01   9.6342083651919097e+00
   1.6199999999999999e+01   9.7014561033463842e+00
   1.6300000000000001e+01   9.7687801808548080e+00
   1.6400000000000002e+01   9.8361824385762020e+00
   1.6500000000000000e+01   9.9036647711328030e+00
   1.6600000000000001e+01   9.9712291253544194e+00
   1.6699999999999999e+01   1.0038877504500388e+01
   1.6800000000000001e+01   1.0106611971375301e+01
   1.6900000000000002e+01   1.0174434647791664e+01
   1.7000000000000000e+01   1.0242347721501677e+01
   1.7100000000000001e+01   1.0310353444431986e+01
   1.7199999999999999e+01   1.0378454138798343e+01
   1.7300000000000001e+01   1.0446652197993345e+01
   1.7400000000000002e+01   1.0514950091353725e+01
   1.7500000000000000e+01   1.0583350365864774e+01
   1.7600000000000001e+01   1.0651855650500419e+01
   1.7699999999999999e+01   1.0720468659562776e+01
   1.7800000000000001e+01   1.0789192196020814e+01
   1.7900000000000002e+01   1.0858029155905502e+01
   1.8000000000000000e+01   1.0926982531869189e+01
   1.8100000000000001e+01   1.0996055417927586e+01
   1.8199999999999999e+01   1.1065251013357980e+01
   1.8300000000000001e+01   1.1134572627576222e+01
   1.8400000000000002e+01   1.1204023685751796e+01
   1.8500000000000000e+01   1.1273607732297464e+01
   1.8600000000000001e+01   1.1343328438198519e+01
   1.8699999999999999e+01   1.1413189605043339e+01
   1.8800000000000001e+01   1.1483195172016902e+01
   1.8900000000000002e+01   1.1553349221649967e+01
   1.9000000000000000e+01   1.1623655986654491e+01
   1.9100000000000001e+01   1.1694119856350493e+01
   1.9200000000000003e+01   1.1764745385014042e+01
   1.9300000000000001e+01   1.1835537298065191e+01
   1.9400000000000002e+01   1.1906500501585260e+01
   1.9500000000000000e+01   1.1977640089670505e+01
   1.9600000000000001e+01   1.2048961354234056e+01
   1.9700000000000003e+01   1.2120469793944100e+01
   1.9800000000000001e+01   1.2192171124604911e+01
   1.9900000000000002e+01   1.2264071289255440e+01
   2.0000000000000000e+01   1.2336176470235660e+01
   2.0100000000000001e+01   1.2408493099328233e+01
   2.0200000000000003e+01   1.2481027872228045e+01
   2.0300000000000001e+01   1.2553787760028134e+01
   2.0400000000000002e+01   1.2626780024094453e+01
   2.0500000000000000e+01   1.2700012230786095e+01
   2.0600000000000001e+01   1.2773492266687780e+01
   2.0700000000000003e+01   1.2847228355762574e+01
   2.0800000000000001e+01   1.2921229076273466e+01
   2.0900000000000002e+01   1.2995503380233586e+01
   2.1000000000000000e+01   1.3070060612856871e+01
   2.1100000000000001e+01   1.3144910533405163e+01
   2.1200000000000003e+01   1.3220063338144739e+01
   2.1300000000000001e+01   1.3295529683712504e+01
   2.1400000000000002e+01   1.3371320712848744e+01
   2.1500000000000000e+01   1.3447448081129965e+01
   2.1600000000000001e+01   1.3523923985787834e+01
   2.1700000000000003e+01   1.3600761196542299e+01
   2.1800000000000001e+01   1.3677973088252582e+01
   2.1900000000000002e+01   1.3755573675626964e+01
   2.2000000000000000e+01   1.3833577651058082e+01
   2.2100000000000001e+01   1.3912000423872861e+01
   2.2200000000000003e+01   1.3990858163427822e+01
   2.2300000000000001e+01   1.4070167844575598e+01
   2.2400000000000002e+01   1.4149947296523191e+01
   2.2500000000000000e+01   1.4230215255324197e+01
   2.2600000000000001e+01   1.4310991419886898e+01
   2.2700000000000003e+01   1.4392296512403258e+01
   2.2800000000000001e+01   1.4474152342940139e+01
   2.2900000000000002e+01   1.4556581879229480e+01
   2.3000000000000000e+01   1.4639609321285940e+01
   2.3100000000000001e+01   1.4723260182100795e+01
   2.3200000000000003e+01   1.4807561374375222e+01
   2.3300000000000001e+01   1.4892541304189377e+01
   2.3400000000000002e+01   1.4978229971831514e+01
   2.3500000000000000e+01   1.5064659081015286e+01
   2.3600000000000001e+01   1.5151862156643547e+01
   2.3700000000000003e+01   1.5239874672421827e+01
   2.3800000000000001e+01   1.5328734188887250e+01
   2.3900000000000002e+01   1.5418480503206711e+01
   2.4000000000000000e+01   1.5509155811603614e+01
   2.4100000000000001e+01   1.5600804885565367e+01
   2.4200000000000003e+01   1.5693475263790280e+01
   2.4300000000000001e+01   1.5787217460650371e+01
   2.4400000000000002e+01   1.5882085193766882e+01
   2.4500000000000000e+01   1.5978135631411261e+01
   2.4600000000000001e+01   1.6075429663501062e+01
   2.4700000000000003e+01   1.6174032197065369e+01
   2.4800000000000001e+01   1.6274012480002931e+01
   2.4900000000000002e+01   1.6375444455319688e+01
   2.5000000000000000e+01   1.6478407150038787e+01
   2.5100000000000001e+01   1.6582985102284287e+01
   2.5200000000000003e+01   1.6689268830300417e+01
   2.5300000000000001e+01   1.6797355349934538e+01
   2.5400000000000002e+01   1.6907348744026994e+01
   2.5500000000000000e+01   1.7019360791719727e+01
   2.5600000000000001e+01   1.7133511664274568e+01
   2.5700000000000003e+01   1.7249930695034887e+01
   2.5800000000000001e+01   1.7368757233634735e+01
   2.5900000000000002e+01   1.7490141594660667e+01
   2.6000000000000000e+01   1.7614246112910291e+01
   2.6100000000000001e+01   1.7741246318805135e+01
   2.6200000000000003e+01   1.7871332251413239e+01
   2.6300000000000001e+01   1.8004709924968498e+01
   2.6400000000000002e+01   1.8141602972924662e+01
   2.6500000000000000e+01   1.8282254491759574e+01
   2.6600000000000001e+01   1.8426929114922164e+01
   2.6700000000000003e+01   1.8575915348062022e+01
   2.6800000000000001e+01   1.8729528206513635e+01
   2.6900000000000002e+01   1.8888112197178121e+01
   2.7000000000000000e+01   1.9052044700540339e+01
   2.7100000000000001e+01   1.9221739811454917e+01
   2.7200000000000003e+01   1.9397652715238966e+01
   2.7300000000000001e+01   1.9580284680777439e+01
   2.7400000000000002e+01   1.9770188776231379e+01
   2.7500000000000000e+01   1.9967976425505185e+01
   2.7600000000000001e+01   2.0174324950279264e+01
   2.7700000000000003e+01   2.0389986269335747e+01
   2.7800000000000001e+01   2.0615796960661957e+01
   2.7900000000000002e+01   2.0852689934203749e+01
   2.8000000000000000e+01   2.1101708011944108e+01
   2.8100000000000001e+01   2.1364019779816278e+01
   2.8200000000000003e+01   2.1640938145336186e+01
   2.8300000000000001e+01   2.1933942139196528e+01
   2.8400000000000002e+01   2.2244702610270672e+01
   2.8500000000000000e+01   2.2575112618837490e+01
   2.8600000000000001e+01   2.2927323509837173e+01
   2.8700000000000003e+01   2.3303787888174888e+01
   2.8800000000000001e+01   2.3707311000737864e+01
   2.8900000000000002e+01   2.4141112401172894e+01
   2.9000000000000000e+01   2.4608900229705743e+01
   2.9100000000000001e+01   2.5114961018992297e+01
   2.9200000000000003e+01   2.5664268661257761e+01
   2.9300000000000001e+01   2.6262617072937200e+01
   2.9400000000000002e+01   2.6916782234351565e+01
   2.9500000000000000e+01   2.7634720592086936e+01
   2.9600000000000001e+01   2.8425812540227025e+01
   2.9700000000000003e+01   2.9301161455217493e+01
   2.9800000000000001e+01   3.0273960829325208e+01
   2.9900000000000002e+01   3.1359943796975543e+01
   3.0000000000000000e+01   3.2577930267361637e+01
   3.0100000000000001e+01   3.3950485479984806e+01
   3.0200000000000003e+01   3.5504697361864288e+01
   3.0300000000000001e+01   3.7273063395969125e+01
   3.0400000000000002e+01   3.9294441438001797e+01
   3.0500000000000000e+01   4.1614946673956482e+01
   3.0600000000000001e+01   4.4288541943505976e+01
   3.0700000000000003e+01   4.7376831621636292e+01
   3.0800000000000001e+01   5.0947184549470101e+01
   3.0900000000000002e+01   5.5067760766155232e+01
   3.1000000000000000e+01   5.9797407216535483e+01
   3.1100000000000001e+01   6.5168157190361399e+01
   3.1200000000000003e+01   7.1159243291164458e+01
   3.1300000000000001e+01   7.7665621417308259e+01
   3.1400000000000002e+01   8.4471562922069310e+01
   3.1500000000000000e+01   9.1247386297792715e+01
   3.1600000000000001e+01   9.7585856984980566e+01
   3.1700000000000003e+01   1.0307698137894050e+02
   3.1800000000000001e+01   1.0739416662544443e+02
   3.1900000000000002e+01   1.1035386631372867e+02
   3.2000000000000000e+01   1.1192711146884714e+02
   3.2100000000000001e+01   1.1220962770527665e+02
   3.2200000000000003e+01   1.1137377539595849e+02
   3.2300000000000004e+01   1.0962347760258439e+02
   3.2399999999999999e+01   1.0716227815422407e+02
   3.2500000000000000e+01   1.0417526902694129e+02
   3.2600000000000001e+01   1.0082136384104444e+02
   3.2700000000000003e+01   9.7231882082019496e+01
   3.2800000000000004e+01   9.3512398383942980e+01
   3.2899999999999999e+01   8.9745961334916970e+01
   3.3000000000000000e+01   8.5996641010578571e+01
   3.3100000000000001e+01   8.2312895506173149e+01
   3.3200000000000003e+01   7.8730545029869418e+01
   3.3300000000000004e+01   7.5275297295092528e+01
   3.3399999999999999e+01   7.1958048588050431e+01
   3.3500000000000000e+01   6.8778517593813589e+01
   3.3600000000000001e+01   6.5758310191907029e+01
   3.3700000000000003e+01   6.2906243687122384e+01
   3.3800000000000004e+01   6.0222284342987820e+01
   3.3899999999999999e+01   5.7703341269863095e+01
   3.4000000000000000e+01   5.5344956941469455e+01
   3.4100000000000001e+01   5.3141664153524722e+01
   3.4200000000000003e+01   5.1087215813994554e+01
   3.4300000000000004e+01   4.9174835190805673e+01
   3.4399999999999999e+01   4.7397436539720950e+01
   3.4500000000000000e+01   4.5747797976602996e+01
   3.4600000000000001e+01   4.4218692909295584e+01
   3.4700000000000003e+01   4.4218692909295584e+01
   3.4800000000000004e+01   4.2358826670266133e+01
   3.4899999999999999e+01   4.2640466805995644e+01
   3.5000000000000000e+01   3.9622024647242071e+01
   3.5100000000000001e+01   3.7837711919232127e+01
   3.5200000000000003e+01   3.6887666124789661e+01
   3.5300000000000004e+01   3.6119465516285750e+01
   3.5399999999999999e+01   3.5385692287364101e+01
   3.5500000000000000e+01   3.4693767805468845e+01
   3.5600000000000001e+01   3.4055416302419594e+01
   3.5700000000000003e+01   3.3470364683993559e+01
   3.5800000000000004e+01   3.2934639256789744e+01
   3.5899999999999999e+01   3.2444389324504996e+01
   3.6000000000000000e+01   3.1996299267651462e+01
   3.6100000000000001e+01   3.1587373636715821e+01
   3.6200000000000003e+01   3.1214829799102173e+01
   3.6300000000000004e+01   3.0876076008210962e+01
   3.6399999999999999e+01   3.0568705499331550e+01
   3.6500000000000000e+01   3.0290488104539381e+01
   3.6600000000000001e+01   3.0039359967810597e+01
   3.6700000000000003e+01   2.9813413180743265e+01
   3.6800000000000004e+01   2.9610885875009263e+01
   3.6899999999999999e+01   2.9430152803207488e+01
   3.7000000000000000e+01   2.9269716395638579e+01
   3.7100000000000001e+01   2.9128198294117613e+01
   3.7200000000000003e+01   2.9004331373376324e+01
   3.7300000000000004e+01   2.8896952248163910e+01
   3.7399999999999999e+01   2.8804994263381900e+01
   3.7500000000000000e+01   2.8727480956149520e+01
   3.7600000000000001e+01   2.8663519978226581e+01
   3.7700000000000003e+01   2.8612297463945779e+01
   3.7800000000000004e+01   2.8573072828276480e+01
   3.7899999999999999e+01   2.8545173978502092e+01
   3.8000000000000000e+01   2.8527992922431356e+01
   3.8100000000000001e+01   2.8520981758611175e+01
   3.8200000000000003e+01   2.8523649030575360e+01
   3.8300000000000004e+01   2.8535556432010221e+01
   3.8400000000000006e+01   2.8556315849040725e+01
   3.8500000000000000e+01   2.8585586726072254e+01
   3.8600000000000001e+01   2.8623073745811521e+01
   3.8700000000000003e+01   2.8668524813471262e+01
   3.8800000000000004e+01   2.8721729337607414e+01
   3.8900000000000006e+01   2.8782516802647649e+01
   3.9000000000000000e+01   2.8850755629666878e+01
   3.9100000000000001e+01   2.8926352324398550e+01
   3.9200000000000003e+01   2.9009250913863525e+01
   3.9300000000000004e+01   2.9099432676797043e+01
   3.9400000000000006e+01   2.9196916174281771e+01
   3.9500000000000000e+01   2.9301757592317124e+01
   3.9600000000000001e+01   2.9414051410427742e+01
   3.9700000000000003e+01   2.9533931415399728e+01
   3.9800000000000004e+01   2.9661572083987007e+01
   3.9900000000000006e+01   2.9797190363291868e+01
   4.0000000000000000e+01   2.9941047884717076e+01
   4.0100000000000001e+01   3.0093453653601721e+01
   4.0200000000000003e+01   3.0254767265582405e+01
   4.0300000000000004e+01   3.0425402710033243e+01
   4.0400000000000006e+01   3.0605832832096613e+01
   4.0500000000000000e+01   3.0796594537805699e+01
   4.0600000000000001e+01   3.0998294842440320e+01
   4.0700000000000003e+01   3.1211617879645768e+01
   4.0800000000000004e+01   3.1437333010180922e+01
   4.0900000000000006e+01   3.1676304194568683e+01
   4.1000000000000000e+01   3.1929500822451161e+01
   4.1100000000000001e+01   3.2198010226849981e+01
   4.1200000000000003e+01   3.2483052152603165e+01
   4.1300000000000004e+01   3.2785995496364514e+01
   4.1400000000000006e+01   3.3108377694014202e+01
   4.1500000000000000e+01   3.3451927197208022e+01
   4.1600000000000001e+01   3.3818589561397047e+01
   4.1700000000000003e+01   3.4210557760007923e+01
   4.1800000000000004e+01   3.4630307444256992e+01
   4.1900000000000006e+01   3.5080637993590734e+01
   4.2000000000000000e+01   3.5564720333743026e+01
   4.2100000000000001e+01   3.6086152652727968e+01
   4.2200000000000003e+01   3.6649025295093395e+01
   4.2300000000000004e+01   3.7257996266404803e+01
   4.2400000000000006e+01   3.7918378895447802e+01
   4.2500000000000000e+01   3.8636243253397097e+01
   4.2600000000000001e+01   3.9418532842439454e+01
   4.2700000000000003e+01   4.0273197737452861e+01
   4.2800000000000004e+01   4.1209344622115232e+01
   4.2900000000000006e+01   4.2237402721220008e+01
   4.3000000000000000e+01   4.3369302079794892e+01
   4.3100000000000001e+01   4.4618656327920611e+01
   4.3200000000000003e+01   4.6000935036592750e+01
   4.3300000000000004e+01   4.7533599645508794e+01
   4.3400000000000006e+01   4.9236159981849156e+01
   4.3500000000000000e+01   5.1130083062205181e+01
   4.3600000000000001e+01   5.3238450655512857e+01
   4.3700000000000003e+01   5.5585215032116437e+01
   4.3800000000000004e+01   5.8193847700478308e+01
   4.3900000000000006e+01   6.1085125060166234e+01
   4.4000000000000000e+01   6.4273777719975570e+01
   4.4100000000000001e+01   6.7763801655880698e+01
   4.4200000000000003e+01   7.1542471272833637e+01
   4.4300000000000004e+01   7.5573589607487861e+01
   4.4400000000000006e+01   7.9791267303423453e+01
   4.4500000000000000e+01   8.4096347478726628e+01
   4.4600000000000001e+01   8.8358006003029345e+01
   4.4700000000000003e+01   9.2422415718802711e+01
   4.4800000000000004e+01   9.6128353683061377e+01
   4.4900000000000006e+01   9.9326841570713356e+01
   4.5000000000000000e+01   1.0189982711677780e+02
   4.5100000000000001e+01   1.0377294567754291e+02
   4.5200000000000003e+01   1.0491965727178898e+02
   4.5300000000000004e+01   1.0535718553643902e+02
   4.5400000000000006e+01   1.0513699377670527e+02
   4.5500000000000000e+01   1.0433319835694110e+02
   4.5600000000000001e+01   1.0303164012106691e+02
   4.5700000000000003e+01   1.0132112332962406e+02
   4.5800000000000004e+01   9.9287255005711785e+01
   4.5900000000000006e+01   9.7008649476431728e+01
   4.6000000000000000e+01   9.4554980500912492e+01
   4.6100000000000001e+01   9.1986329744821575e+01
   4.6200000000000003e+01   8.9353364450652336e+01
   4.6300000000000004e+01   8.6697994384289160e+01
   4.6400000000000006e+01   8.4047474077220130e+01
   4.6500000000000000e+01   8.1417300462478963e+01
   4.6600000000000001e+01   7.8843860562816559e+01
   4.6700000000000003e+01   7.6349543491918581e+01
   4.6800000000000004e+01   7.3946599381776949e+01
   4.6900000000000006e+01   7.1642938576734309e+01
   4.7000000000000000e+01   6.9443877139730319e+01
   4.7100000000000001e+01   6.7352576289609445e+01
   4.7200000000000003e+01   6.5370367888866625e+01
   4.7300000000000004e+01   6.3497104565407803e+01
   4.7400000000000006e+01   6.1731478804421421e+01
   4.7500000000000000e+01   6.0071289590819084e+01
   4.7600000000000001e+01   6.0071289590819084e+01
   4.7700000000000003e+01   5.8237705126569672e+01
   4.7800000000000004e+01   5.8911216968378532e+01
   4.7900000000000006e+01   5.5030078775656577e+01
   4.8000000000000000e+01   5.2803156345523568e+01
   4.8100000000000001e+01   5.1690270934658940e+01
   4.8200000000000003e+01   5.0803055088222138e+01
   4.8300000000000004e+01   4.9942813663548691e+01
   4.8400000000000006e+01   4.9122320053220925e+01
   4.8500000000000000e+01   4.8360009926006860e+01
   4.8600000000000001e+01   4.7657672817041252e+01
   4.8700000000000003e+01   4.7011811346907791e+01
   4.8800000000000004e+01   4.6418896292215180e+01
   4.8900000000000006e+01   4.5875955208398267e+01
   4.9000000000000000e+01   4.5380300330587708e+01
   4.9100000000000001e+01   4.4929401000096455e+01
   4.9200000000000003e+01   4.4520871021965114e+01
   4.9300000000000004e+01   4.4152476319077927e+01
   4.9400000000000006e+01   4.3822137764542020e+01
   4.9500000000000000e+01   4.3527930159663164e+01
   4.9600000000000001e+01   4.3268080017354379e+01
   4.9700000000000003e+01   4.3040963040567256e+01
   4.9800000000000004e+01   4.2845101491114420e+01
   4.9900000000000006e+01   4.2679161564000090e+01
   5.0000000000000000e+01   4.2541950904992021e+01
   5.0100000000000001e+01   4.2432416406831706e+01
   5.0200000000000003e+01   4.2349642406972478e+01
   5.0300000000000004e+01   4.2292849400261680e+01
   5.0400000000000006e+01   4.2261393373275169e+01
   5.0500000000000000e+01   4.2254765866333699e+01
   5.0600000000000001e+01   4.2272594869169566e+01
   5.0700000000000003e+01   4.2314646662078736e+01
   5.0800000000000004e+01   4.2380828722325290e+01
   5.0900000000000006e+01   4.2471193826090214e+01
   5.1000000000000000e+01   4.2585945491834252e+01
   5.1100000000000001e+01   4.2725444928836566e+01
   5.1200000000000003e+01   4.2890219676866124e+01
   5.1300000000000004e+01   4.3080974148595793e+01
   5.1400000000000006e+01   4.3298602317108248e+01
   5.1500000000000000e+01   4.3544202824210785e+01
   5.1600000000000001e+01   4.3819096823537464e+01
   5.1700000000000003e+01   4.4124848913812187e+01
   5.1800000000000004e+01   4.4463291559865056e+01
   5.1900000000000006e+01   4.4836553442614942e+01
   5.2000000000000000e+01   4.5247092216635920e+01
   5.2100000000000001e+01   4.5697732182165659e+01
   5.2200000000000003e+01   4.6191707384865445e+01
   5.2300000000000004e+01   4.6732710627295226e+01
   5.2400000000000006e+01   4.7324948786955254e+01
   5.2500000000000000e+01   4.7973204650261444e+01
   5.2600000000000001e+01   4.8682905138506811e+01
   5.2700000000000003e+01   4.9460195242674864e+01
   5.2800000000000004e+01   5.0312016085211404e+01
   5.2900000000000006e+01   5.1246184131711004e+01
   5.3000000000000000e+01   5.2271466458184811e+01
   5.3100000000000001e+01   5.3397643839245610e+01
   5.3200000000000003e+01   5.4635548870696326e+01
   5.3300000000000004e+01   5.5997059893164000e+01
   5.3400000000000006e+01   5.7495022639893975e+01
   5.3500000000000000e+01   5.9143059866092919e+01
   5.3600000000000001e+01   6.0955214712171632e+01
   5.3700000000000003e+01   6.2945357133827372e+01
   5.3800000000000004e+01   6.5126267222435771e+01
   5.3900000000000006e+01   6.7508300727125786e+01
   5.4000000000000000e+01   7.0097551686913263e+01
   5.4100000000000001e+01   7.2893471097779823e+01
   5.4200000000000003e+01   7.5886000720966194e+01
   5.4300000000000004e+01   7.9052452727360730e+01
   5.4400000000000006e+01   8.2354606631907686e+01
   5.4500000000000000e+01   8.5736754448039463e+01
   5.4600000000000001e+01   8.9125592534143209e+01
   5.4700000000000003e+01   9.2432777420483887e+01
   5.4800000000000004e+01   9.5560509159329115e+01
   5.4900000000000006e+01   9.8409708266275814e+01
   5.5000000000000000e+01   1.0088946755061068e+02
