   0.0000000000000000e+00   9.9000000000000000e+02
   1.0000000000000001e-01   9.9000000000000000e+02
   2.0000000000000001e-01   9.9000000000000000e+02
   3.0000000000000004e-01   1.4674667647332819e+02
   4.0000000000000002e-01   3.2324744307751394e+02
   5.0000000000000000e-01   3.0881875601086199e+02
   6.0000000000000009e-01   2.8038616217145977e+02
   7.0000000000000007e-01   2.5306602291669105e+02
   8.0000000000000004e-01   2.2802032099627593e+02
   9.0000000000000002e-01   2.0522602323531009e+02
   1.0000000000000000e+00   1.8455040381159563e+02
   1.1000000000000001e+00   1.6584154382724500e+02
   1.2000000000000002e+00   1.4894119352423138e+02
   1.3000000000000000e+00   1.3369162142050936e+02
   1.4000000000000001e+00   1.1994065152497603e+02
   1.5000000000000000e+00   1.0754494534629271e+02
   1.6000000000000001e+00   9.6371781380143034e+01
   1.7000000000000002e+00   8.6299727538650359e+01
   1.8000000000000000e+00   7.7218579761566275e+01
   1.9000000000000001e+00   6.9028858397811746e+01
   2.0000000000000000e+00   6.1641067958414510e+01
   2.1000000000000001e+00   5.4974855267254043e+01
   2.2000000000000002e+00   4.8958149406083066e+01
   2.3000000000000003e+00   4.3526331619247799e+01
   2.4000000000000004e+00   3.8621460483591477e+01
   2.5000000000000000e+00   3.4191563443158429e+01
   2.6000000000000001e+00   3.0189997365701629e+01
   2.7000000000000002e+00   2.6574876034959971e+01
   2.8000000000000003e+00   2.3308560050392430e+01
   2.9000000000000004e+00   2.0357203549605856e+01
   3.0000000000000000e+00   1.7690351915692759e+01
   3.1000000000000001e+00   1.5280584820101581e+01
   3.2000000000000002e+00   1.3103199361906263e+01
   3.3000000000000003e+00   1.1135928566665712e+01
   3.4000000000000004e+00   9.3586910288405534e+00
   3.5000000000000000e+00   7.7533679812604532e+00
   3.6000000000000001e+00   6.3036045341629006e+00
   3.7000000000000002e+00   4.9946322374348711e+00
   3.8000000000000003e+00   3.8131104820292876e+00
   3.9000000000000004e+00   2.7469845727256370e+00
   4.0000000000000000e+00   1.7853585787578368e+00
   4.1000000000000005e+00   9.1838130603946411e-01
   4.2000000000000002e+00   1.3714393961640781e-01
   4.2999999999999998e+00  -5.6641191806693314e-01
   4.4000000000000004e+00  -1.1995769345114695e+00
   4.5000000000000000e+00  -1.7689484490371115e+00
   4.6000000000000005e+00  -2.2804974631264940e+00
   4.7000000000000002e+00  -2.7396289931477895e+00
   4.8000000000000007e+00  -3.1512364721194217e+00
   4.9000000000000004e+00  -3.5197508108932425e+00
   5.0000000000000000e+00  -3.8491846622498542e+00
   5.1000000000000005e+00  -4.1431723725961547e+00
   5.2000000000000002e+00  -4.4050060541695757e+00
   5.3000000000000007e+00  -4.6376681648804379e+00
   5.4000000000000004e+00  -4.8438609424435981e+00
   5.5000000000000000e+00  -5.0260330035085872e+00
   5.6000000000000005e+00  -5.1864033865939518e+00
   5.7000000000000002e+00  -5.3269832892027580e+00
   5.8000000000000007e+00  -5.4495957241573478e+00
   5.9000000000000004e+00  -5.5558932975731068e+00
   6.0000000000000000e+00  -5.6473742906506459e+00
   6.1000000000000005e+00  -5.7253972093558332e+00
   6.2000000000000002e+00  -5.7911939498293350e+00
   6.3000000000000007e+00  -5.8458817127971088e+00
   6.4000000000000004e+00  -5.8904737871832822e+00
   6.5000000000000000e+00  -5.9258893113749309e+00
   6.6000000000000005e+00  -5.9529621100164150e+00
   6.7000000000000002e+00  -5.9724486947114883e+00
   6.8000000000000007e+00  -5.9850355084338389e+00
   6.9000000000000004e+00  -5.9913454857496617e+00
   7.0000000000000000e+00  -5.9919439939891390e+00
   7.1000000000000005e+00  -5.9873442142398972e+00
   7.2000000000000002e+00  -5.9780120153803864e+00
   7.3000000000000007e+00  -5.9643703692669305e+00
   7.4000000000000004e+00  -5.9468033505746689e+00
   7.5000000000000000e+00  -5.9256597606467949e+00
   7.6000000000000005e+00  -5.9012564109308414e+00
   7.7000000000000002e+00  -5.8738810982040377e+00
   7.8000000000000007e+00  -5.8437953007098713e+00
   7.9000000000000004e+00  -5.8112366215630118e+00
   8.0000000000000000e+00  -5.7764210032706842e+00
   8.0999999999999996e+00  -5.7395447349557571e+00
   8.2000000000000011e+00  -5.7007862718151046e+00
   8.3000000000000007e+00  -5.6603078844982520e+00
   8.4000000000000004e+00  -5.6182571544131861e+00
   8.5000000000000000e+00  -5.5747683294504213e+00
   8.5999999999999996e+00  -5.5299635532460343e+00
   8.7000000000000011e+00  -5.4839539798656460e+00
   8.8000000000000007e+00  -5.4368407846642413e+00
   8.9000000000000004e+00  -5.3887160810651267e+00
   9.0000000000000000e+00  -5.3396637520804688e+00
   9.0999999999999996e+00  -5.2897602045627536e+00
   9.2000000000000011e+00  -5.2390750534240169e+00
   9.3000000000000007e+00  -5.1876717423799619e+00
   9.4000000000000004e+00  -5.1356081071545532e+00
   9.5000000000000000e+00  -5.0829368865263405e+00
   9.6000000000000014e+00  -5.0297061860861731e+00
   9.7000000000000011e+00  -4.9759598991283838e+00
   9.8000000000000007e+00  -4.9217380886669844e+00
   9.9000000000000004e+00  -4.8670773342082612e+00
   1.0000000000000000e+01  -4.8120110465616790e+00
   1.0100000000000001e+01  -4.7565697536646212e+00
   1.0200000000000001e+01  -4.7007813601200041e+00
   1.0300000000000001e+01  -4.6446713828905786e+00
   1.0400000000000000e+01  -4.5882631653644239e+00
   1.0500000000000000e+01  -4.5315780718018459e+00
   1.0600000000000001e+01  -4.4746356639830083e+00
   1.0700000000000001e+01  -4.4174538617053258e+00
   1.0800000000000001e+01  -4.3600490886295802e+00
   1.0900000000000000e+01  -4.3024364048266079e+00
   1.1000000000000000e+01  -4.2446296272588597e+00
   1.1100000000000001e+01  -4.1866414393077775e+00
   1.1200000000000001e+01  -4.1284834903601677e+00
   1.1300000000000001e+01  -4.0701664863717042e+00
   1.1400000000000000e+01  -4.0117002722334973e+00
   1.1500000000000000e+01  -3.9530939067022928e+00
   1.1600000000000001e+01  -3.8943557305749437e+00
   1.1700000000000001e+01  -3.8354934287272044e+00
   1.1800000000000001e+01  -3.7765140865805051e+00
   1.1900000000000000e+01  -3.7174242415079561e+00
   1.2000000000000000e+01  -3.6582299296419478e+00
   1.2100000000000001e+01  -3.5989367285018261e+00
   1.2200000000000001e+01  -3.5395497958286342e+00
   1.2300000000000001e+01  -3.4800739049646836e+00
   1.2400000000000000e+01  -3.4205134771007124e+00
   1.2500000000000000e+01  -3.3608726106695030e+00
   1.2600000000000001e+01  -3.3011551081472135e+00
   1.2700000000000001e+01  -3.2413645004980935e+00
   1.2800000000000001e+01  -3.1815040694733625e+00
   1.2900000000000000e+01  -3.1215768679617213e+00
   1.3000000000000000e+01  -3.0615857385621439e+00
   1.3100000000000001e+01  -3.0015333305442482e+00
   1.3200000000000001e+01  -2.9414221153369908e+00
   1.3300000000000001e+01  -2.8812544006807457e+00
   1.3400000000000000e+01  -2.8210323435590681e+00
   1.3500000000000000e+01  -2.7607579620218985e+00
   1.3600000000000001e+01  -2.7004331459978630e+00
   1.3700000000000001e+01  -2.6400596671858239e+00
   1.3800000000000001e+01  -2.5796391881050340e+00
   1.3900000000000000e+01  -2.5191732703829075e+00
   1.4000000000000000e+01  -2.4586633823430475e+00
   1.4100000000000001e+01  -2.3981109059576511e+00
   1.4200000000000001e+01  -2.3375171432187472e+00
   1.4300000000000001e+01  -2.2768833219806766e+00
   1.4400000000000000e+01  -2.2162106013179255e+00
   1.4500000000000000e+01  -2.1555000764406032e+00
   1.4600000000000001e+01  -2.0947527832087189e+00
   1.4700000000000001e+01  -2.0339697022747032e+00
   1.4800000000000001e+01  -1.9731517628908932e+00
   1.4900000000000000e+01  -1.9122998462477199e+00
   1.5000000000000000e+01  -1.8514147894809412e+00
   1.5100000000000001e+01  -1.7904973870893173e+00
   1.5200000000000001e+01  -1.7295483951320421e+00
   1.5300000000000001e+01  -1.6685685330564866e+00
   1.5400000000000000e+01  -1.6075584861096104e+00
   1.5500000000000000e+01  -1.5465189074703858e+00
   1.5600000000000001e+01  -1.4854504202087355e+00
   1.5700000000000001e+01  -1.4243536190892883e+00
   1.5800000000000001e+01  -1.3632290722360949e+00
   1.5900000000000000e+01  -1.3020773226650135e+00
   1.6000000000000000e+01  -1.2408988896987694e+00
   1.6100000000000001e+01  -1.1796942702727620e+00
   1.6199999999999999e+01  -1.1184639401367349e+00
   1.6300000000000001e+01  -1.0572083549666331e+00
   1.6400000000000002e+01  -9.9592795138755719e-01
   1.6500000000000000e+01  -9.3462314791872814e-01
   1.6600000000000001e+01  -8.7329434584364662e-01
   1.6699999999999999e+01  -8.1194193001306303e-01
   1.6800000000000001e+01  -7.5056626958325978e-01
   1.6900000000000002e+01  -6.8916771869658078e-01
   1.7000000000000000e+01  -6.2774661710636792e-01
   1.7100000000000001e+01  -5.6630329075221653e-01
   1.7199999999999999e+01  -5.0483805228509482e-01
   1.7300000000000001e+01  -4.4335120155096774e-01
   1.7400000000000002e+01  -3.8184302603008291e-01
   1.7500000000000000e+01  -3.2031380123851250e-01
   1.7600000000000001e+01  -2.5876379109161007e-01
   1.7699999999999999e+01  -1.9719324823347506e-01
   1.7800000000000001e+01  -1.3560241433322062e-01
   1.7900000000000002e+01  -7.3991520349295570e-02
   1.8000000000000000e+01  -1.2360786764361364e-02
   1.8100000000000001e+01   4.9289576209389452e-02
   1.8199999999999999e+01   1.1095936845129017e-01
   1.8300000000000001e+01   1.7264839977963220e-01
   1.8400000000000002e+01   2.3435648982592738e-01
   1.8500000000000000e+01   2.9608346793349938e-01
   1.8600000000000001e+01   3.5782917307949447e-01
   1.8699999999999999e+01   4.1959345382281299e-01
   1.8800000000000001e+01   4.8137616827307284e-01
   1.8900000000000002e+01   5.4317718408401561e-01
   1.9000000000000000e+01   6.0499637847033227e-01
   1.9100000000000001e+01   6.6683363824631670e-01
   1.9200000000000003e+01   7.2868885988953025e-01
   1.9300000000000001e+01   7.9056194962572590e-01
   1.9400000000000002e+01   8.5245282353798757e-01
   1.9500000000000000e+01   9.1436140770019847e-01
   1.9600000000000001e+01   9.7628763833631638e-01
   1.9700000000000003e+01   1.0382314620009083e+00
   1.9800000000000001e+01   1.1001928357899260e+00
   1.9900000000000002e+01   1.1621717275755827e+00
   2.0000000000000000e+01   1.2241681162697660e+00
   2.0100000000000001e+01   1.2861819921160986e+00
   2.0200000000000003e+01   1.3482133570125825e+00
   2.0300000000000001e+01   1.4102622248655052e+00
   2.0400000000000002e+01   1.4723286219757483e+00
   2.0500000000000000e+01   1.5344125874612473e+00
   2.0600000000000001e+01   1.5965141737161730e+00
   2.0700000000000003e+01   1.6586334469070607e+00
   2.0800000000000001e+01   1.7207704875125955e+00
   2.0900000000000002e+01   1.7829253909060299e+00
   2.1000000000000000e+01   1.8450982679847812e+00
   2.1100000000000001e+01   1.9072892458481192e+00
   2.1200000000000003e+01   1.9694984685306736e+00
   2.1300000000000001e+01   2.0317260977893739e+00
   2.1400000000000002e+01   2.0939723139538273e+00
   2.1500000000000000e+01   2.1562373168402473e+00
   2.1600000000000001e+01   2.2185213267357540e+00
   2.1700000000000003e+01   2.2808245854575944e+00
   2.1800000000000001e+01   2.3431473574938764e+00
   2.1900000000000002e+01   2.4054899312307043e+00
   2.2000000000000000e+01   2.4678526202735611e+00
   2.2100000000000001e+01   2.5302357648705538e+00
   2.2200000000000003e+01   2.5926397334457079e+00
   2.2300000000000001e+01   2.6550649242504960e+00
   2.2400000000000002e+01   2.7175117671455382e+00
   2.2500000000000000e+01   2.7799807255205451e+00
   2.2600000000000001e+01   2.8424722983677384e+00
   2.2700000000000003e+01   2.9049870225201175e+00
   2.2800000000000001e+01   2.9675254750681006e+00
   2.2900000000000002e+01   3.0300882759754586e+00
   2.3000000000000000e+01   3.0926760909048880e+00
   2.3100000000000001e+01   3.1552896342808481e+00
   2.3200000000000003e+01   3.2179296726043276e+00
   2.3300000000000001e+01   3.2805970280495558e+00
   2.3400000000000002e+01   3.3432925823652795e+00
   2.3500000000000000e+01   3.4060172811119855e+00
   2.3600000000000001e+01   3.4687721382687187e+00
   2.3700000000000003e+01   3.5315582412432605e+00
   2.3800000000000001e+01   3.5943767563309166e+00
   2.3900000000000002e+01   3.6572289346637490e+00
   2.4000000000000000e+01   3.7201161187034586e+00
   2.4100000000000001e+01   3.7830397493332839e+00
   2.4200000000000003e+01   3.8460013736147403e+00
   2.4300000000000001e+01   3.9090026532796855e+00
   2.4400000000000002e+01   3.9720453740388848e+00
   2.4500000000000000e+01   4.0351314557962041e+00
   2.4600000000000001e+01   4.0982629638740491e+00
   2.4700000000000003e+01   4.1614421213630521e+00
   2.4800000000000001e+01   4.2246713227264081e+00
   2.4900000000000002e+01   4.2879531488098337e+00
   2.5000000000000000e+01   4.3512903834218832e+00
   2.5100000000000001e+01   4.4146860316797074e+00
   2.5200000000000003e+01   4.4781433403350093e+00
   2.5300000000000001e+01   4.5416658203316729e+00
   2.5400000000000002e+01   4.6052572718801912e+00
   2.5500000000000000e+01   4.6689218123736964e+00
   2.5600000000000001e+01   4.7326639075243975e+00
   2.5700000000000003e+01   4.7964884061524344e+00
   2.5800000000000001e+01   4.8604005791265763e+00
   2.5900000000000002e+01   4.9244061630365650e+00
   2.6000000000000000e+01   4.9885114092685399e+00
   2.6100000000000001e+01   5.0527231392667318e+00
   2.6200000000000003e+01   5.1170488068911482e+00
   2.6300000000000001e+01   5.1814965689397923e+00
   2.6400000000000002e+01   5.2460753650898369e+00
   2.6500000000000000e+01   5.3107950087257905e+00
   2.6600000000000001e+01   5.3756662904031600e+00
   2.6700000000000003e+01   5.4407010960007938e+00
   2.6800000000000001e+01   5.5059125420190185e+00
   2.6900000000000002e+01   5.5713151309428213e+00
   2.7000000000000000e+01   5.6369249301711761e+00
   2.7100000000000001e+01   5.7027597787185869e+00
   2.7200000000000003e+01   5.7688395267649639e+00
   2.7300000000000001e+01   5.8351863142098637e+00
   2.7400000000000002e+01   5.9018248957146398e+00
   2.7500000000000000e+01   5.9687830213974848e+00
   2.7600000000000001e+01   6.0360918844359048e+00
   2.7700000000000003e+01   6.1037866494835953e+00
   2.7800000000000001e+01   6.1719070791690456e+00
   2.7900000000000002e+01   6.2404982802502218e+00
   2.8000000000000000e+01   6.3096115965254285e+00
   2.8100000000000001e+01   6.3793056827743158e+00
   2.8200000000000003e+01   6.4496478033569247e+00
   2.8300000000000001e+01   6.5207154114032164e+00
   2.8400000000000002e+01   6.5925980808424356e+00
   2.8500000000000000e+01   6.6653998853557823e+00
   2.8600000000000001e+01   6.7392423478072487e+00
   2.8700000000000003e+01   6.8142681239120293e+00
   2.8800000000000001e+01   6.8906456393167446e+00
   2.8900000000000002e+01   6.9685749765257015e+00
   2.9000000000000000e+01   7.0482954171748133e+00
   2.9100000000000001e+01   7.1300952011445133e+00
   2.9200000000000003e+01   7.2143242903729288e+00
   2.9300000000000001e+01   7.3014112588562057e+00
   2.9400000000000002e+01   7.3918859304744728e+00
   2.9500000000000000e+01   7.4864101501358391e+00
   2.9600000000000001e+01   7.5858202644174071e+00
   2.9700000000000003e+01   7.6911867862764893e+00
   2.9800000000000001e+01   7.8038998220429221e+00
   2.9900000000000002e+01   7.9257940571435483e+00
   3.0000000000000000e+01   8.0593361519144082e+00
   3.0100000000000001e+01   8.2079136839780631e+00
   3.0200000000000003e+01   8.3762952882061654e+00
   3.0300000000000001e+01   8.5713916025231356e+00
   3.0400000000000002e+01   8.8035711821009954e+00
   3.0500000000000000e+01   9.0890620375321305e+00
   3.0600000000000001e+01   9.4546347248722213e+00
   3.0700000000000003e+01   9.9475325189026762e+00
   3.0800000000000001e+01   1.0658969708605696e+01
   3.0900000000000002e+01   1.1788806288527212e+01
   3.1000000000000000e+01   1.3868362774808020e+01
   3.1100000000000001e+01   1.8884927687677759e+01
   3.1200000000000003e+01   4.4164966360562744e+01
   3.1300000000000001e+01   2.4162214922907640e+02
   3.1400000000000002e+01   2.5889518377850300e+02
   3.1500000000000000e+01   2.4378003871635553e+02
   3.1600000000000001e+01   2.2466018649768466e+02
   3.1700000000000003e+01   2.0589136210394543e+02
   3.1800000000000001e+01   1.8829010184621916e+02
   3.1900000000000002e+01   1.7202299765220755e+02
   3.2000000000000000e+01   1.5708900838514990e+02
   3.2100000000000001e+01   1.4340365814320762e+02
   3.2200000000000003e+01   1.3091618339832223e+02
   3.2300000000000004e+01   1.1954377907602066e+02
   3.2399999999999999e+01   1.0920098558780796e+02
   3.2500000000000000e+01   9.9804733513292376e+01
   3.2600000000000001e+01   9.1276015778068199e+01
   3.2700000000000003e+01   8.3540608752010826e+01
   3.2800000000000004e+01   7.6529346827917834e+01
   3.2899999999999999e+01   7.0178148699644566e+01
   3.3000000000000000e+01   6.4427898807306406e+01
   3.3100000000000001e+01   5.9224243850019207e+01
   3.3200000000000003e+01   5.4517341024430380e+01
   3.3300000000000004e+01   5.0261581285863826e+01
   3.3399999999999999e+01   4.6415302802783117e+01
   3.3500000000000000e+01   4.2940504595356401e+01
   3.3600000000000001e+01   3.9802566919786386e+01
   3.3700000000000003e+01   3.6969982625112721e+01
   3.3800000000000004e+01   3.4414102089140329e+01
   3.3899999999999999e+01   3.2108893204567153e+01
   3.4000000000000000e+01   3.0030717088555662e+01
   3.4100000000000001e+01   2.8158119631398677e+01
   3.4200000000000003e+01   2.6471638615513029e+01
   3.4300000000000004e+01   2.4953625877282661e+01
   3.4399999999999999e+01   2.3588083817135271e+01
   3.4500000000000000e+01   2.2360515462585681e+01
   3.4600000000000001e+01   2.1257787236427134e+01
   3.4700000000000003e+01   2.0268003564108085e+01
   3.4800000000000004e+01   1.9380392460424332e+01
   3.4899999999999999e+01   1.8585201258477582e+01
   3.5000000000000000e+01   1.7873601677798206e+01
   3.5100000000000001e+01   1.7237603469495411e+01
   3.5200000000000003e+01   1.6669975921286209e+01
   3.5300000000000004e+01   1.6164176552071012e+01
   3.5399999999999999e+01   1.5714286372818719e+01
   3.5500000000000000e+01   1.5314951136808190e+01
   3.5600000000000001e+01   1.4961328047011307e+01
   3.5700000000000003e+01   1.4649037431079023e+01
   3.5800000000000004e+01   1.4374118934757576e+01
   3.5899999999999999e+01   1.4132991822411213e+01
   3.6000000000000000e+01   1.3922419008640986e+01
   3.6100000000000001e+01   1.3739474477764247e+01
   3.6200000000000003e+01   1.3581513778214230e+01
   3.6300000000000004e+01   1.3446147306848957e+01
   3.6399999999999999e+01   1.3331216123830927e+01
   3.6500000000000000e+01   1.3234770062276652e+01
   3.6600000000000001e+01   1.3155047918437390e+01
   3.6700000000000003e+01   1.3090459527874714e+01
   3.6800000000000004e+01   1.3039569551084242e+01
   3.6899999999999999e+01   1.3001082808436195e+01
   3.7000000000000000e+01   1.2973831019247541e+01
   3.7100000000000001e+01   1.2956760813431288e+01
   3.7200000000000003e+01   1.2948922896550584e+01
   3.7300000000000004e+01   1.2949462260400082e+01
   3.7399999999999999e+01   1.2957609341491207e+01
   3.7500000000000000e+01   1.2972672039156123e+01
   3.7600000000000001e+01   1.2994028513477815e+01
   3.7700000000000003e+01   1.3021120690992689e+01
   3.7800000000000004e+01   1.3053448413144565e+01
   3.7899999999999999e+01   1.3090564168890296e+01
   3.8000000000000000e+01   1.3132068358716651e+01
   3.8100000000000001e+01   1.3177605042681307e+01
   3.8200000000000003e+01   1.3226858129992252e+01
   3.8300000000000004e+01   1.3279547972149089e+01
   3.8400000000000006e+01   1.3335428325825205e+01
   3.8500000000000000e+01   1.3394283655514641e+01
   3.8600000000000001e+01   1.3455926749556966e+01
   3.8700000000000003e+01   1.3520196626522647e+01
   3.8800000000000004e+01   1.3586956712113079e+01
   3.8900000000000006e+01   1.3656093269813368e+01
   3.9000000000000000e+01   1.3727514071468818e+01
   3.9100000000000001e+01   1.3801147296891372e+01
   3.9200000000000003e+01   1.3876940654522400e+01
   3.9300000000000004e+01   4.1119102972753581e+01
   3.9400000000000006e+01   4.0983850794233831e+01
   3.9500000000000000e+01   3.8715591261922327e+01
   3.9600000000000001e+01   3.6482113108096200e+01
   3.9700000000000003e+01   3.4451061937390591e+01
   3.9800000000000004e+01   3.2618463723266473e+01
   3.9900000000000006e+01   3.0967201321370567e+01
   4.0000000000000000e+01   2.9480604333833298e+01
   4.0100000000000001e+01   2.8143482814292724e+01
   4.0200000000000003e+01   2.6942085272746908e+01
   4.0300000000000004e+01   2.5863975893189831e+01
   4.0400000000000006e+01   2.4897916209179243e+01
   4.0500000000000000e+01   2.4033757667383270e+01
   4.0600000000000001e+01   2.3262344776698910e+01
   4.0700000000000003e+01   2.2575428057034969e+01
   4.0800000000000004e+01   2.1965586057170185e+01
   4.0900000000000006e+01   2.1426155811902959e+01
   4.1000000000000000e+01   2.0951171214700139e+01
   4.1100000000000001e+01   2.0535308892756120e+01
   4.1200000000000003e+01   2.0173841290577343e+01
   4.1300000000000004e+01   1.9862596801284099e+01
   4.1400000000000006e+01   1.9597926939011813e+01
   4.1500000000000000e+01   1.9376680730997009e+01
   4.1600000000000001e+01   1.9196186738039614e+01
   4.1700000000000003e+01   1.9054243406705723e+01
   4.1800000000000004e+01   1.8949118844199120e+01
   4.1900000000000006e+01   1.8879561628820284e+01
   4.2000000000000000e+01   1.8844824986857020e+01
   4.2100000000000001e+01   1.8844707673547191e+01
   4.2200000000000003e+01   1.8879616333688432e+01
   4.2300000000000004e+01   1.8950656208436044e+01
   4.2400000000000006e+01   1.9059760151142655e+01
   4.2500000000000000e+01   1.9209870587413207e+01
   4.2600000000000001e+01   1.9405196247285403e+01
   4.2700000000000003e+01   1.9651576810666825e+01
   4.2800000000000004e+01   1.9957006822411472e+01
   4.2900000000000006e+01   2.0332400324849118e+01
   4.3000000000000000e+01   2.0792728801584531e+01
   4.3100000000000001e+01   2.1358754762240324e+01
   4.3200000000000003e+01   2.2059746452270247e+01
   4.3300000000000004e+01   2.2937868000994854e+01
   4.3400000000000006e+01   2.4055551254554302e+01
   4.3500000000000000e+01   2.5508433034368409e+01
   4.3600000000000001e+01   2.7449272293250601e+01
   4.3700000000000003e+01   3.0134972087636129e+01
   4.3800000000000004e+01   3.4025957564055375e+01
   4.3900000000000006e+01   4.0014068785213794e+01
   4.4000000000000000e+01   4.9986572709762868e+01
   4.4100000000000001e+01   6.8201734423381140e+01
   4.4200000000000003e+01   1.0264221343593283e+02
   4.4300000000000004e+01   1.5114082621498710e+02
   4.4400000000000006e+01   1.8454977428330369e+02
   4.4500000000000000e+01   1.9535785484431767e+02
   4.4600000000000001e+01   1.9346458132358384e+02
   4.4700000000000003e+01   1.8584975873170811e+02
   4.4800000000000004e+01   1.7584472870417017e+02
   4.4900000000000006e+01   1.6500152051132250e+02
   4.5000000000000000e+01   1.5407802455879028e+02
   4.5100000000000001e+01   1.4345948576513433e+02
   4.5200000000000003e+01   1.3334304904202713e+02
   4.5300000000000004e+01   1.2382466477900903e+02
   4.5400000000000006e+01   1.1494320890328447e+02
   4.5500000000000000e+01   1.0670438749517427e+02
   4.5600000000000001e+01   9.9067231750186352e+01
   4.5700000000000003e+01   9.2033948137619632e+01
   4.5800000000000004e+01   8.5575141720778220e+01
   4.5900000000000006e+01   7.9656042877800587e+01
   4.6000000000000000e+01   7.4240520206812107e+01
   4.6100000000000001e+01   6.9292542854347062e+01
   4.6200000000000003e+01   6.4777014608229592e+01
   4.6300000000000004e+01   6.0660283362972450e+01
   4.6400000000000006e+01   5.6910440893837858e+01
   4.6500000000000000e+01   5.3497481579943837e+01
   4.6600000000000001e+01   5.0393365626515902e+01
   4.6700000000000003e+01   4.7572017873911932e+01
   4.6800000000000004e+01   4.5009283709496685e+01
   4.6900000000000006e+01   4.2682857111246562e+01
   4.7000000000000000e+01   4.0572191379638866e+01
   4.7100000000000001e+01   3.8658399988089627e+01
   4.7200000000000003e+01   3.6924152772069306e+01
   4.7300000000000004e+01   3.5353571100621593e+01
   4.7400000000000006e+01   3.3932124542123915e+01
   4.7500000000000000e+01   3.2646530719887437e+01
   4.7600000000000001e+01   3.1484659463317485e+01
   4.7700000000000003e+01   3.0435441934191431e+01
   4.7800000000000004e+01   2.9488785100714267e+01
   4.7900000000000006e+01   2.8635491712412318e+01
   4.8000000000000000e+01   2.7867185773491997e+01
   4.8100000000000001e+01   2.7176243404111915e+01
   4.8200000000000003e+01   2.6555728905735918e+01
   4.8300000000000004e+01   2.5999335799088612e+01
   4.8400000000000006e+01   2.5501332574488970e+01
   4.8500000000000000e+01   2.5056512879398952e+01
   4.8600000000000001e+01   2.4660149863086986e+01
   4.8700000000000003e+01   2.4307954400601716e+01
   4.8800000000000004e+01   2.3996036925614021e+01
   4.8900000000000006e+01   2.3720872612625499e+01
   4.9000000000000000e+01   2.3479269662310344e+01
   4.9100000000000001e+01   2.3268340458618013e+01
   4.9200000000000003e+01   2.3085475382005257e+01
   4.9300000000000004e+01   2.2928319079449807e+01
   4.9400000000000006e+01   2.2794749008372719e+01
   4.9500000000000000e+01   2.2682856088147673e+01
   4.9600000000000001e+01   2.2590927309399945e+01
   4.9700000000000003e+01   2.2517430167797443e+01
   4.9800000000000004e+01   2.2460998805597342e+01
   4.9900000000000006e+01   2.2420421760981640e+01
   5.0000000000000000e+01   2.2394631242372384e+01
   5.0100000000000001e+01   2.2382693862801034e+01
   5.0200000000000003e+01   2.2383802788344269e+01
   5.0300000000000004e+01   2.2397271275180174e+01
   5.0400000000000006e+01   2.2422527592533129e+01
   5.0500000000000000e+01   2.2459111354542642e+01
   5.0600000000000001e+01   2.2506671313919924e+01
   5.0700000000000003e+01   2.2564964705572152e+01
   5.0800000000000004e+01   2.2633858270946689e+01
   5.0900000000000006e+01   2.2713331146152200e+01
   5.1000000000000000e+01   2.2803479862108247e+01
   5.1100000000000001e+01   2.2904525787459534e+01
   5.1200000000000003e+01   2.3016825450662395e+01
   5.1300000000000004e+01   2.3140884314670757e+01
   5.1400000000000006e+01   2.3277374757271218e+01
   5.1500000000000000e+01   2.3427159248181056e+01
   5.1600000000000001e+01   2.3591320032893009e+01
   5.1700000000000003e+01   2.3771197064963303e+01
   5.1800000000000004e+01   2.3968436519328293e+01
   5.1900000000000006e+01   2.4185053037270677e+01
   5.2000000000000000e+01   2.4423509999626617e+01
   5.2100000000000001e+01   2.4686823750599274e+01
   5.2200000000000003e+01   2.4978700031921562e+01
   5.2300000000000004e+01   2.5303714296076123e+01
   5.2400000000000006e+01   2.5667552615835916e+01
   5.2500000000000000e+01   2.6077337508865639e+01
   5.2600000000000001e+01   2.6542074647618620e+01
   5.2700000000000003e+01   2.7073274632703146e+01
   5.2800000000000004e+01   2.7685833064680082e+01
   5.2900000000000006e+01   2.8399299585772269e+01
   5.3000000000000000e+01   2.9239745939158524e+01
   5.3100000000000001e+01   3.0242579501116438e+01
   5.3200000000000003e+01   3.1456889944896830e+01
   5.3300000000000004e+01   3.2952356212300174e+01
   5.3400000000000006e+01   3.4830566579729066e+01
   5.3500000000000000e+01   3.7244199495151861e+01
   5.3600000000000001e+01   4.0430651618640695e+01
   5.3700000000000003e+01   4.4772815103461198e+01
   5.3800000000000004e+01   5.0910433194251482e+01
   5.3900000000000006e+01   5.9935160012622646e+01
   5.4000000000000000e+01   7.3645453742448581e+01
   5.4100000000000001e+01   9.4347438732269666e+01
   5.4200000000000003e+01   1.2213429552673472e+02
   5.4300000000000004e+01   1.4993287914880739e+02
   5.4400000000000006e+01   1.6853956186002529e+02
   5.4500000000000000e+01   1.7630863937611457e+02
   5.4600000000000001e+01   1.7638072680649884e+02
   5.4700000000000003e+01   1.7193715975823807e+02
   5.4800000000000004e+01   1.6506656887438191e+02
   5.4900000000000006e+01   1.5700296385457204e+02
   5.5000000000000000e+01   1.4846409036396085e+02
