   0.0000000000000000e+00   0.0000000000000000e+00
   1.0000000000000001e-01   1.3582800241912594e+02
   2.0000000000000001e-01   1.5422798492865533e+02
   3.0000000000000004e-01   1.5674667647332819e+02
   4.0000000000000002e-01   2.5366422761481698e+02
   5.0000000000000000e-01   2.6624250916839480e+02
   6.0000000000000009e-01   2.2446567958278976e+02
   7.0000000000000007e-01   2.1816141774901340e+02
   8.0000000000000004e-01   1.7863741142824762e+02
   9.0000000000000002e-01   1.7269056693221668e+02
   1.0000000000000000e+00   1.4285103382844085e+02
   1.1000000000000001e+00   1.3832487071106357e+02
   1.2000000000000002e+00   1.1440792668579594e+02
   1.3000000000000000e+00   1.0062411959573080e+02
   1.4000000000000001e+00   9.0576332699925786e+01
   1.5000000000000000e+00   8.1729722444972950e+01
   1.6000000000000001e+00   7.3605157196412918e+01
   1.7000000000000002e+00   6.6232512725526234e+01
   1.8000000000000000e+00   5.9597630414305577e+01
   1.9000000000000001e+00   5.3637600056372676e+01
   2.0000000000000000e+00   4.8283775754424830e+01
   2.1000000000000001e+00   4.3474809169815686e+01
   2.2000000000000002e+00   3.9156404511397923e+01
   2.3000000000000003e+00   3.5279764539902224e+01
   2.4000000000000004e+00   3.1800801339706229e+01
   2.5000000000000000e+00   2.8679705337429091e+01
   2.6000000000000001e+00   2.5880576454236156e+01
   2.7000000000000002e+00   2.3371065805728147e+01
   2.8000000000000003e+00   2.1122038140442111e+01
   2.9000000000000004e+00   1.9107261735543990e+01
   3.0000000000000000e+00   1.7303125892648879e+01
   3.1000000000000001e+00   1.5688384124558084e+01
   3.2000000000000002e+00   1.4243921119754093e+01
   3.3000000000000003e+00   1.2952541687981242e+01
   3.4000000000000004e+00   1.1798779837547178e+01
   3.5000000000000000e+00   1.0768726333002251e+01
   3.6000000000000001e+00   9.8498730605124845e+00
   3.7000000000000002e+00   9.0309726516659961e+00
   3.8000000000000003e+00   8.3019120173264103e+00
   3.9000000000000004e+00   7.6535983811161605e+00
   4.0000000000000000e+00   7.0778566700938086e+00
   4.1000000000000005e+00   6.5673371593692904e+00
   4.2000000000000002e+00   6.1154323494255705e+00
   4.2999999999999998e+00   5.7162021644040655e+00
   4.4000000000000004e+00   5.3643066809880127e+00
   4.5000000000000000e+00   5.5081981162401092e+00
   4.6000000000000005e+00   4.8526183294903200e+00
   4.7000000000000002e+00   4.5464000415828707e+00
   4.8000000000000007e+00   4.3703445092799447e+00
   4.9000000000000004e+00   4.2285217957872856e+00
   5.0000000000000000e+00   4.1022525937022545e+00
   5.1000000000000005e+00   3.9932319110767880e+00
   5.2000000000000002e+00   3.9018963745638797e+00
   5.3000000000000007e+00   3.8268134041721957e+00
   5.4000000000000004e+00   3.7662428917539814e+00
   5.5000000000000000e+00   3.7186451222730401e+00
   5.6000000000000005e+00   3.6826825587067606e+00
   5.7000000000000002e+00   3.6571651326571981e+00
   5.8000000000000007e+00   3.6410233007217614e+00
   5.9000000000000004e+00   3.6332952345567682e+00
   6.0000000000000000e+00   3.6331167436486487e+00
   6.1000000000000005e+00   3.6397116892778802e+00
   6.2000000000000002e+00   3.6523830659624004e+00
   6.3000000000000007e+00   3.6705049551261975e+00
   6.4000000000000004e+00   3.6935153192340726e+00
   6.5000000000000000e+00   3.7209095096216145e+00
   6.6000000000000005e+00   3.7522344480389607e+00
   6.7000000000000002e+00   3.7870833960440318e+00
   6.8000000000000007e+00   3.8250912493646934e+00
   6.9000000000000004e+00   3.8659303081287559e+00
   7.0000000000000000e+00   3.9093064791111933e+00
   7.1000000000000005e+00   3.9549558630408117e+00
   7.2000000000000002e+00   4.0026416803962936e+00
   7.3000000000000007e+00   4.0521515194719848e+00
   7.4000000000000004e+00   4.1032948517903041e+00
   7.5000000000000000e+00   4.1559008074003110e+00
   7.6000000000000005e+00   4.2098161738158764e+00
   7.7000000000000002e+00   4.2649035920801550e+00
   7.8000000000000007e+00   4.3210399482790152e+00
   7.9000000000000004e+00   4.3781149113778985e+00
   8.0000000000000000e+00   4.4360296346732984e+00
   8.0999999999999996e+00   4.4946955796864856e+00
   8.2000000000000011e+00   4.5540334628502608e+00
   8.3000000000000007e+00   4.6139723082717863e+00
   8.4000000000000004e+00   4.6744485989157933e+00
   8.5000000000000000e+00   4.7354055078493369e+00
   8.5999999999999996e+00   4.7967922184306699e+00
   8.7000000000000011e+00   4.8585632986155476e+00
   8.8000000000000007e+00   4.9206781556073667e+00
   8.9000000000000004e+00   4.9831005335042748e+00
   9.0000000000000000e+00   5.0457980671147658e+00
   9.0999999999999996e+00   5.1087418805189184e+00
   9.2000000000000011e+00   5.1719062276993917e+00
   9.3000000000000007e+00   5.2352681688055789e+00
   9.4000000000000004e+00   5.2988072783236673e+00
   9.5000000000000000e+00   5.3625053854733888e+00
   9.6000000000000014e+00   5.4263463397123486e+00
   9.7000000000000011e+00   5.4903158013086131e+00
   9.8000000000000007e+00   5.5544010513249082e+00
   9.9000000000000004e+00   5.6185908238789084e+00
   1.0000000000000000e+01   5.6828751535351962e+00
   1.0100000000000001e+01   5.7472452398983638e+00
   1.0200000000000001e+01   5.8116933244629614e+00
   1.0300000000000001e+01   5.8762125821235962e+00
   1.0400000000000000e+01   5.9407970227039941e+00
   1.0500000000000000e+01   6.0054414025329939e+00
   1.0600000000000001e+01   6.0701411459015180e+00
   1.0700000000000001e+01   6.1348922748511869e+00
   1.0800000000000001e+01   6.1996913452212885e+00
   1.0900000000000000e+01   6.2645353906410692e+00
   1.1000000000000000e+01   6.3294218709819452e+00
   1.1100000000000001e+01   6.3943486276090873e+00
   1.1200000000000001e+01   6.4593138427900145e+00
   1.1300000000000001e+01   6.5243160033349321e+00
   1.1400000000000000e+01   6.5893538677100443e+00
   1.1500000000000000e+01   6.6544264377560065e+00
   1.1600000000000001e+01   6.7195329322576489e+00
   1.1700000000000001e+01   6.7846727642331777e+00
   1.1800000000000001e+01   6.8498455200821020e+00
   1.1900000000000000e+01   6.9150509414946315e+00
   1.2000000000000000e+01   6.9802889089744591e+00
   1.2100000000000001e+01   7.0455594273817770e+00
   1.2200000000000001e+01   7.1108626130567316e+00
   1.2300000000000001e+01   7.1761986822059765e+00
   1.2400000000000000e+01   7.2415679412100573e+00
   1.2500000000000000e+01   7.3069707769390515e+00
   1.2600000000000001e+01   7.3724076495715929e+00
   1.2700000000000001e+01   7.4378790852578778e+00
   1.2800000000000001e+01   7.5033856699710419e+00
   1.2900000000000000e+01   7.5689280441322122e+00
   1.3000000000000000e+01   7.6345068982351894e+00
   1.3100000000000001e+01   7.7001229684667294e+00
   1.3200000000000001e+01   7.7657770330729097e+00
   1.3300000000000001e+01   7.8314699095353077e+00
   1.3400000000000000e+01   7.8972024522788047e+00
   1.3500000000000000e+01   7.9629755494953169e+00
   1.3600000000000001e+01   8.0287901227359377e+00
   1.3700000000000001e+01   8.0946471240593656e+00
   1.3800000000000001e+01   8.1605475356012640e+00
   1.3900000000000000e+01   8.2264923682576754e+00
   1.4000000000000000e+01   8.2924826616004310e+00
   1.4100000000000001e+01   8.3585194822464093e+00
   1.4200000000000001e+01   8.4246039246615059e+00
   1.4300000000000001e+01   8.4907371105058633e+00
   1.4400000000000000e+01   8.5569201888180437e+00
   1.4500000000000000e+01   8.6231543361726253e+00
   1.4600000000000001e+01   8.6894407569504430e+00
   1.4700000000000001e+01   8.7557806841389976e+00
   1.4800000000000001e+01   8.8221753794880122e+00
   1.4900000000000000e+01   8.8886261344557802e+00
   1.5000000000000000e+01   8.9551342710208264e+00
   1.5100000000000001e+01   9.0217011424753935e+00
   1.5200000000000001e+01   9.0883281347272451e+00
   1.5300000000000001e+01   9.1550166669601456e+00
   1.5400000000000000e+01   9.2217681930705346e+00
   1.5500000000000000e+01   9.2885842030736434e+00
   1.5600000000000001e+01   9.3554662243170448e+00
   1.5700000000000001e+01   9.4224158227006782e+00
   1.5800000000000001e+01   9.4894346046800635e+00
   1.5900000000000000e+01   9.5565242186244372e+00
   1.6000000000000000e+01   9.6236863564106585e+00
   1.6100000000000001e+01   9.6909227554775210e+00
   1.6199999999999999e+01   9.7582352004448030e+00
   1.6300000000000001e+01   9.8256255253613176e+00
   1.6400000000000002e+01   9.8930956153764242e+00
   1.6500000000000000e+01   9.9606474093513970e+00
   1.6600000000000001e+01   1.0028282901632243e+01
   1.6699999999999999e+01   1.0096004144799789e+01
   1.6800000000000001e+01   1.0163813251984424e+01
   1.6900000000000002e+01   1.0231712399257495e+01
   1.7000000000000000e+01   1.0299703828719489e+01
   1.7100000000000001e+01   1.0367789850775225e+01
   1.7199999999999999e+01   1.0435972847558192e+01
   1.7300000000000001e+01   1.0504255275670257e+01
   1.7400000000000002e+01   1.0572639669592268e+01
   1.7500000000000000e+01   1.0641128644843775e+01
   1.7600000000000001e+01   1.0709724901652573e+01
   1.7699999999999999e+01   1.0778431228536228e+01
   1.7800000000000001e+01   1.0847250506138270e+01
   1.7900000000000002e+01   1.0916185711302145e+01
   1.8000000000000000e+01   1.0985239921221776e+01
   1.8100000000000001e+01   1.1054416317910162e+01
   1.8199999999999999e+01   1.1123718192768314e+01
   1.8300000000000001e+01   1.1193148951503503e+01
   1.8400000000000002e+01   1.1262712119219097e+01
   1.8500000000000000e+01   1.1332411345641736e+01
   1.8600000000000001e+01   1.1402250410948168e+01
   1.8699999999999999e+01   1.1472233231443569e+01
   1.8800000000000001e+01   1.1542363865932279e+01
   1.8900000000000002e+01   1.1612646522139038e+01
   1.9000000000000000e+01   1.1683085563610650e+01
   1.9100000000000001e+01   1.1753685516907618e+01
   1.9200000000000003e+01   1.1824451079276283e+01
   1.9300000000000001e+01   1.1895387126513006e+01
   1.9400000000000002e+01   1.1966498721579111e+01
   1.9500000000000000e+01   1.2037791123340845e+01
   1.9600000000000001e+01   1.2109269796077369e+01
   1.9700000000000003e+01   1.2180940419303306e+01
   1.9800000000000001e+01   1.2252808898279779e+01
   1.9900000000000002e+01   1.2324881375020693e+01
   2.0000000000000000e+01   1.2397164240026463e+01
   2.0100000000000001e+01   1.2469664144503078e+01
   2.0200000000000003e+01   1.2542388013634529e+01
   2.0300000000000001e+01   1.2615343060174627e+01
   2.0400000000000002e+01   1.2688536799260953e+01
   2.0500000000000000e+01   1.2761977063849208e+01
   2.0600000000000001e+01   1.2835672021134270e+01
   2.0700000000000003e+01   1.2909630190043845e+01
   2.0800000000000001e+01   1.2983860459676480e+01
   2.0900000000000002e+01   1.3058372109031636e+01
   2.1000000000000000e+01   1.3133174827792745e+01
   2.1100000000000001e+01   1.3208278738532975e+01
   2.1200000000000003e+01   1.3283694420351072e+01
   2.1300000000000001e+01   1.3359432933906733e+01
   2.1400000000000002e+01   1.3435505848193422e+01
   2.1500000000000000e+01   1.3511925268968435e+01
   2.1600000000000001e+01   1.3588703869128468e+01
   2.1700000000000003e+01   1.3665854921085362e+01
   2.1800000000000001e+01   1.3743392331293368e+01
   2.1900000000000002e+01   1.3821330677147076e+01
   2.2000000000000000e+01   1.3899685246446813e+01
   2.2100000000000001e+01   1.3978472079492573e+01
   2.2200000000000003e+01   1.4057708014271148e+01
   2.2300000000000001e+01   1.4137410734722916e+01
   2.2400000000000002e+01   1.4217598822517491e+01
   2.2500000000000000e+01   1.4298291812565120e+01
   2.2600000000000001e+01   1.4379510252560976e+01
   2.2700000000000003e+01   1.4461275766961304e+01
   2.2800000000000001e+01   1.4543611125698128e+01
   2.2900000000000002e+01   1.4626540318114007e+01
   2.3000000000000000e+01   1.4710088632491388e+01
   2.3100000000000001e+01   1.4794282741770671e+01
   2.3200000000000003e+01   1.4879150795919317e+01
   2.3300000000000001e+01   1.4964722521608367e+01
   2.3400000000000002e+01   1.5051029329827019e+01
   2.3500000000000000e+01   1.5138104432221883e+01
   2.3600000000000001e+01   1.5225982966906487e+01
   2.3700000000000003e+01   1.5314702134707192e+01
   2.3800000000000001e+01   1.5404301346794774e+01
   2.3900000000000002e+01   1.5494822384844610e+01
   2.4000000000000000e+01   1.5586309574914564e+01
   2.4100000000000001e+01   1.5678809976431848e+01
   2.4200000000000003e+01   1.5772373587837780e+01
   2.4300000000000001e+01   1.5867053570508325e+01
   2.4400000000000002e+01   1.5962906492933021e+01
   2.4500000000000000e+01   1.6059992597164374e+01
   2.4600000000000001e+01   1.6158376090061179e+01
   2.4700000000000003e+01   1.6258125461787287e+01
   2.4800000000000001e+01   1.6359313834710782e+01
   2.4900000000000002e+01   1.6462019345942444e+01
   2.5000000000000000e+01   1.6566325567380286e+01
   2.5100000000000001e+01   1.6672321967430534e+01
   2.5200000000000003e+01   1.6780104419229382e+01
   2.5300000000000001e+01   1.6889775760907298e+01
   2.5400000000000002e+01   1.7001446413843411e+01
   2.5500000000000000e+01   1.7115235066155915e+01
   2.5600000000000001e+01   1.7231269429219250e+01
   2.5700000000000003e+01   1.7349687076298981e+01
   2.5800000000000001e+01   1.7470636373745812e+01
   2.5900000000000002e+01   1.7594277516502917e+01
   2.6000000000000000e+01   1.7720783681526942e+01
   2.6100000000000001e+01   1.7850342314720500e+01
   2.6200000000000003e+01   1.7983156569385134e+01
   2.6300000000000001e+01   1.8119446916682094e+01
   2.6400000000000002e+01   1.8259452952340510e+01
   2.6500000000000000e+01   1.8403435427019630e+01
   2.6600000000000001e+01   1.8551678532766900e+01
   2.6700000000000003e+01   1.8704492482840944e+01
   2.6800000000000001e+01   1.8862216428871989e+01
   2.6900000000000002e+01   1.9025221766239852e+01
   2.7000000000000000e+01   1.9193915888045584e+01
   2.7100000000000001e+01   1.9368746457947207e+01
   2.7200000000000003e+01   1.9550206285539314e+01
   2.7300000000000001e+01   1.9738838902367785e+01
   2.7400000000000002e+01   1.9935244955980284e+01
   2.7500000000000000e+01   2.0140089560713090e+01
   2.7600000000000001e+01   2.0354110771512442e+01
   2.7700000000000003e+01   2.0578129379554309e+01
   2.7800000000000001e+01   2.0813060268490602e+01
   2.7900000000000002e+01   2.1059925619217967e+01
   2.8000000000000000e+01   2.1319870311190627e+01
   2.8100000000000001e+01   2.1594179942875062e+01
   2.8200000000000003e+01   2.1884301985098052e+01
   2.8300000000000001e+01   2.2191870696006813e+01
   2.8400000000000002e+01   2.2518736567275408e+01
   2.8500000000000000e+01   2.2867001249151247e+01
   2.8600000000000001e+01   2.3239059122791211e+01
   2.8700000000000003e+01   2.3637646967385937e+01
   2.8800000000000001e+01   2.4065903518056857e+01
   2.8900000000000002e+01   2.4527441150975456e+01
   2.9000000000000000e+01   2.5026432484411039e+01
   2.9100000000000001e+01   2.5567715378904779e+01
   2.9200000000000003e+01   2.6156920689907007e+01
   2.9300000000000001e+01   2.6800628190335651e+01
   2.9400000000000002e+01   2.7506557454250562e+01
   2.9500000000000000e+01   2.8283801985018297e+01
   2.9600000000000001e+01   2.9143116844931715e+01
   2.9700000000000003e+01   3.0097271964792554e+01
   2.9800000000000001e+01   3.1161485309070130e+01
   2.9900000000000002e+01   3.2353951356273512e+01
   3.0000000000000000e+01   3.3696479834527089e+01
   3.0100000000000001e+01   3.5215254968654762e+01
   3.0200000000000003e+01   3.6941712215946595e+01
   3.0300000000000001e+01   3.8913499428132504e+01
   3.0400000000000002e+01   4.1175428110211357e+01
   3.0500000000000000e+01   4.3780203590492761e+01
   3.0600000000000001e+01   4.6788512789891918e+01
   3.0700000000000003e+01   5.0267695624053964e+01
   3.0800000000000001e+01   5.4287691887850258e+01
   3.0900000000000002e+01   5.8912287190209398e+01
   3.1000000000000000e+01   6.4183198033344411e+01
   3.1100000000000001e+01   7.0095134415197990e+01
   3.1200000000000003e+01   7.6563289142073998e+01
   3.1300000000000001e+01   8.3392136980003897e+01
   3.1400000000000002e+01   9.0263905809174702e+01
   3.1500000000000000e+01   9.6767462960666933e+01
   3.1600000000000001e+01   1.0247238397830071e+02
   3.1700000000000003e+01   1.0702281906842008e+02
   3.1800000000000001e+01   1.1020791685219523e+02
   3.1900000000000002e+01   1.1198034079051713e+02
   3.2000000000000000e+01   1.1242741331723853e+02
   3.2100000000000001e+01   1.1172043451218140e+02
   3.2200000000000003e+01   1.1006633444986696e+02
   3.2300000000000004e+01   1.0767331256108726e+02
   3.2399999999999999e+01   1.0473139139487398e+02
   3.2500000000000000e+01   1.0140404715807968e+02
   3.2600000000000001e+01   9.7826556316171661e+01
   3.2700000000000003e+01   9.4107804515286816e+01
   3.2800000000000004e+01   9.0333551262411348e+01
   3.2899999999999999e+01   8.6570054788070408e+01
   3.3000000000000000e+01   8.2867521552659440e+01
   3.3100000000000001e+01   7.9263157626400073e+01
   3.3200000000000003e+01   7.5783761494303832e+01
   3.3300000000000004e+01   7.2447875286311771e+01
   3.3399999999999999e+01   6.9240379254189151e+01
   3.3500000000000000e+01   6.6192909425097810e+01
   3.3600000000000001e+01   6.3314460058052219e+01
   3.3700000000000003e+01   6.0604857387242326e+01
   3.3800000000000004e+01   5.8061062228998274e+01
   3.3899999999999999e+01   5.5678758439022729e+01
   3.4000000000000000e+01   5.3452588071755684e+01
   3.4100000000000001e+01   5.1376367908010344e+01
   3.4200000000000003e+01   4.9443351975867373e+01
   3.4300000000000004e+01   4.7646462115374625e+01
   3.4399999999999999e+01   4.5978466820637557e+01
   3.4500000000000000e+01   4.4432116857821278e+01
   3.4600000000000001e+01   4.3000247968151328e+01
   3.4700000000000003e+01   4.1675857894127631e+01
   3.4800000000000004e+01   4.3910115856451036e+01
   3.4899999999999999e+01   3.9668146270501055e+01
   3.5000000000000000e+01   3.7899036672684858e+01
   3.5100000000000001e+01   3.6992490997768513e+01
   3.5200000000000003e+01   3.6234163662585694e+01
   3.5300000000000004e+01   3.5491770540863868e+01
   3.5399999999999999e+01   3.4789842858043215e+01
   3.5500000000000000e+01   3.4143062812940805e+01
   3.5600000000000001e+01   3.3550612525026793e+01
   3.5700000000000003e+01   3.3008065990712943e+01
   3.5800000000000004e+01   3.2511458739882741e+01
   3.5899999999999999e+01   3.2057453814041672e+01
   3.6000000000000000e+01   3.1643034156014039e+01
   3.6100000000000001e+01   3.1265388857187865e+01
   3.6200000000000003e+01   3.0921897305203085e+01
   3.6300000000000004e+01   3.0610125592064858e+01
   3.6399999999999999e+01   3.0327818253985942e+01
   3.6500000000000000e+01   3.0072887776716019e+01
   3.6600000000000001e+01   2.9843404106091896e+01
   3.6700000000000003e+01   2.9637584663994758e+01
   3.6800000000000004e+01   2.9453784859048287e+01
   3.6899999999999999e+01   2.9290489067635551e+01
   3.7000000000000000e+01   2.9146302091931627e+01
   3.7100000000000001e+01   2.9019941104061381e+01
   3.7200000000000003e+01   2.8910228078866243e+01
   3.7300000000000004e+01   2.8816082710321858e+01
   3.7399999999999999e+01   2.8736515802809663e+01
   3.7500000000000000e+01   2.8670623124786264e+01
   3.7600000000000001e+01   2.8617579710713041e+01
   3.7700000000000003e+01   2.8576634595529118e+01
   3.7800000000000004e+01   2.8547105965343235e+01
   3.7899999999999999e+01   2.8528376707732590e+01
   3.8000000000000000e+01   2.8519890345294140e+01
   3.8100000000000001e+01   2.8521147336737844e+01
   3.8200000000000003e+01   2.8531701730318375e+01
   3.8300000000000004e+01   2.8551158155982623e+01
   3.8400000000000006e+01   2.8579169143475262e+01
   3.8500000000000000e+01   2.8615432755220780e+01
   3.8600000000000001e+01   2.8659690524642148e+01
   3.8700000000000003e+01   2.8711725692035269e+01
   3.8800000000000004e+01   2.8771361732287453e+01
   3.8900000000000006e+01   2.8838461170836077e+01
   3.9000000000000000e+01   2.8912924686465029e+01
   3.9100000000000001e+01   2.8994690502100031e+01
   3.9200000000000003e+01   2.9083734067509329e+01
   3.9300000000000004e+01   2.9180068040859656e+01
   3.9400000000000006e+01   2.9283742579258750e+01
   3.9500000000000000e+01   2.9394845952353354e+01
   3.9600000000000001e+01   2.9513505496999780e+01
   3.9700000000000003e+01   2.9639888935852948e+01
   3.9800000000000004e+01   2.9774206087982847e+01
   3.9900000000000006e+01   2.9916711005689002e+01
   4.0000000000000000e+01   3.0067704578747101e+01
   4.0100000000000001e+01   3.0227537655254316e+01
   4.0200000000000003e+01   3.0396614737669093e+01
   4.0300000000000004e+01   3.0575398323425638e+01
   4.0400000000000006e+01   3.0764413972185285e+01
   4.0500000000000000e+01   3.0964256196622220e+01
   4.0600000000000001e+01   3.1175595291068433e+01
   4.0700000000000003e+01   3.1399185232778731e+01
   4.0800000000000004e+01   3.1635872814806334e+01
   4.0900000000000006e+01   3.1886608198006723e+01
   4.1000000000000000e+01   3.2152457103333674e+01
   4.1100000000000001e+01   3.2434614905573874e+01
   4.1200000000000003e+01   3.2734422936757177e+01
   4.1300000000000004e+01   3.3053387363138988e+01
   4.1400000000000006e+01   3.3393201065322621e+01
   4.1500000000000000e+01   3.3755769027980918e+01
   4.1600000000000001e+01   3.4143237835825211e+01
   4.1700000000000003e+01   3.4558029976637073e+01
   4.1800000000000004e+01   3.5002883771620496e+01
   4.1900000000000006e+01   3.5480899888261220e+01
   4.2000000000000000e+01   3.5995595538261192e+01
   4.2100000000000001e+01   3.6550967619530375e+01
   4.2200000000000003e+01   3.7151566213894036e+01
   4.2300000000000004e+01   3.7802579983323994e+01
   4.2400000000000006e+01   3.8509935080351291e+01
   4.2500000000000000e+01   3.9280409145639268e+01
   4.2600000000000001e+01   4.0121761709409334e+01
   4.2700000000000003e+01   4.1042881688096934e+01
   4.2800000000000004e+01   4.2053951424931327e+01
   4.2900000000000006e+01   4.3166624475701013e+01
   4.3000000000000000e+01   4.4394210498093130e+01
   4.3100000000000001e+01   4.5751854278872976e+01
   4.3200000000000003e+01   4.7256685854451220e+01
   4.3300000000000004e+01   4.8927903032708343e+01
   4.3400000000000006e+01   5.0786724426995782e+01
   4.3500000000000000e+01   5.2856117307483387e+01
   4.3600000000000001e+01   5.5160159691714888e+01
   4.3700000000000003e+01   5.7722840244260389e+01
   4.3800000000000004e+01   6.0566043025341656e+01
   4.3900000000000006e+01   6.3706430759952127e+01
   4.4000000000000000e+01   6.7150980128535366e+01
   4.4100000000000001e+01   7.0891116285511572e+01
   4.4200000000000003e+01   7.4895837856096321e+01
   4.4300000000000004e+01   7.9104965912121514e+01
   4.4400000000000006e+01   8.3424560771924263e+01
   4.4500000000000000e+01   8.7727184038585548e+01
   4.4600000000000001e+01   9.1859328222890099e+01
   4.4700000000000003e+01   9.5656467290428594e+01
   4.4800000000000004e+01   9.8963184235095284e+01
   4.4900000000000006e+01   1.0165324634536988e+02
   4.5000000000000000e+01   1.0364408128256976e+02
   4.5100000000000001e+01   1.0490229637664065e+02
   4.5200000000000003e+01   1.0544031586161920e+02
   4.5300000000000004e+01   1.0530690212989428e+02
   4.5400000000000006e+01   1.0457520977057260e+02
   4.5500000000000000e+01   1.0333135630793691e+02
   4.5600000000000001e+01   1.0166519110183555e+02
   4.5700000000000003e+01   9.9663768315076211e+01
   4.5800000000000004e+01   9.7407297961716552e+01
   4.5900000000000006e+01   9.4967038453784596e+01
   4.6000000000000000e+01   9.2404553925582363e+01
   4.6100000000000001e+01   8.9771846659664845e+01
   4.6200000000000003e+01   8.7111997701568328e+01
   4.6300000000000004e+01   8.4460062713607854e+01
   4.6400000000000006e+01   8.1816895680197135e+01
   4.6500000000000000e+01   7.9229123570767541e+01
   4.6600000000000001e+01   7.6719522731879579e+01
   4.6700000000000003e+01   7.4300405562600886e+01
   4.6800000000000004e+01   7.1979923422325825e+01
   4.6900000000000006e+01   6.9763707629898690e+01
   4.7000000000000000e+01   6.7655186253182762e+01
   4.7100000000000001e+01   6.5655896471281750e+01
   4.7200000000000003e+01   6.3765847681512000e+01
   4.7300000000000004e+01   6.1983851558514445e+01
   4.7400000000000006e+01   6.0307795844100525e+01
   4.7500000000000000e+01   5.8734868476050622e+01
   4.7600000000000001e+01   5.7261741481660408e+01
   4.7700000000000003e+01   6.0612149558179958e+01
   4.7800000000000004e+01   5.5062250947835977e+01
   4.7900000000000006e+01   5.2859840263664154e+01
   4.8000000000000000e+01   5.1809779692986424e+01
   4.8100000000000001e+01   5.0939009264335375e+01
   4.8200000000000003e+01   5.0069527557730886e+01
   4.8300000000000004e+01   4.9237541930163658e+01
   4.8400000000000006e+01   4.8465572690868022e+01
   4.8500000000000000e+01   4.7754698567066306e+01
   4.8600000000000001e+01   4.7100832855492605e+01
   4.8700000000000003e+01   4.6500316227610938e+01
   4.8800000000000004e+01   4.5950169441332434e+01
   4.8900000000000006e+01   4.5447694724292631e+01
   4.9000000000000000e+01   4.4990339721626192e+01
   4.9100000000000001e+01   4.4575693394447569e+01
   4.9200000000000003e+01   4.4201497048900464e+01
   4.9300000000000004e+01   4.3865647522060137e+01
   4.9400000000000006e+01   4.3566196030606882e+01
   4.9500000000000000e+01   4.3301345916148172e+01
   4.9600000000000001e+01   4.3069450131708145e+01
   4.9700000000000003e+01   4.2869008603428519e+01
   4.9800000000000004e+01   4.2698665573500861e+01
   4.9900000000000006e+01   4.2557207064402888e+01
   5.0000000000000000e+01   4.2443558603393008e+01
   5.0100000000000001e+01   4.2356783331991977e+01
   5.0200000000000003e+01   4.2296080613999308e+01
   5.0300000000000004e+01   4.2260785249287437e+01
   5.0400000000000006e+01   4.2250367398122599e+01
   5.0500000000000000e+01   4.2264433321867280e+01
   5.0600000000000001e+01   4.2302727050005146e+01
   5.0700000000000003e+01   4.2365133091083109e+01
   5.0800000000000004e+01   4.2451680315829591e+01
   5.0900000000000006e+01   4.2562547154832750e+01
   5.1000000000000000e+01   4.2698068270972811e+01
   5.1100000000000001e+01   4.2858742888143539e+01
   5.1200000000000003e+01   4.3045244983169489e+01
   5.1300000000000004e+01   4.3258435577213326e+01
   5.1400000000000006e+01   4.3499377396516330e+01
   5.1500000000000000e+01   4.3769352209662600e+01
   5.1600000000000001e+01   4.4069881189493543e+01
   5.1700000000000003e+01   4.4402748690948265e+01
   5.1800000000000004e+01   4.4770029879497365e+01
   5.1900000000000006e+01   4.5174122685163624e+01
   5.2000000000000000e+01   4.5617784588278838e+01
   5.2100000000000001e+01   4.6104174756433217e+01
   5.2200000000000003e+01   4.6636902033022331e+01
   5.2300000000000004e+01   4.7220079204997418e+01
   5.2400000000000006e+01   4.7858383818101075e+01
   5.2500000000000000e+01   4.8557125513354137e+01
   5.2600000000000001e+01   4.9322319357394363e+01
   5.2700000000000003e+01   5.0160763827217231e+01
   5.2800000000000004e+01   5.1080120837958539e+01
   5.2900000000000006e+01   5.2088993261683044e+01
   5.3000000000000000e+01   5.3196992489178335e+01
   5.3100000000000001e+01   5.4414784358655702e+01
   5.3200000000000003e+01   5.5754095745619125e+01
   5.3300000000000004e+01   5.7227655747198789e+01
   5.3400000000000006e+01   5.8849034219295824e+01
   5.3500000000000000e+01   6.0632326242471422e+01
   5.3600000000000001e+01   6.2591614492855314e+01
   5.3700000000000003e+01   6.4740124710751942e+01
   5.3800000000000004e+01   6.7088977715344413e+01
   5.3900000000000006e+01   6.9645444519660245e+01
   5.4000000000000000e+01   7.2410645424411413e+01
   5.4100000000000001e+01   7.5376719880540364e+01
   5.4200000000000003e+01   7.8523653944133329e+01
   5.4300000000000004e+01   8.1816188978298470e+01
   5.4400000000000006e+01   8.5201514228091781e+01
   5.4500000000000000e+01   8.8608663733658403e+01
   5.4600000000000001e+01   9.1950531392993213e+01
   5.4700000000000003e+01   9.5129029149759674e+01
   5.4800000000000004e+01   9.8043121771587096e+01
   5.4900000000000006e+01   1.0059850574880993e+02
   5.5000000000000000e+01   1.0271699357237084e+02
