   0.0000000000000000e+00   0.0000000000000000e+00
   1.0000000000000001e-01   0.0000000000000000e+00
   2.0000000000000001e-01   0.0000000000000000e+00
   3.0000000000000004e-01   3.9296295231565870e-01
   4.0000000000000002e-01   6.6558550329230992e-01
   5.0000000000000000e-01   9.8936025810269124e-01
   6.0000000000000009e-01   1.2895125133555498e+00
   7.0000000000000007e-01   1.5619625208803951e+00
   8.0000000000000004e-01   1.8085855974896601e+00
   9.0000000000000002e-01   2.0316410588309735e+00
   1.0000000000000000e+00   2.2332931722985561e+00
   1.1000000000000001e+00   2.4155608786168505e+00
   1.2000000000000002e+00   2.5803070435446669e+00
   1.3000000000000000e+00   2.7292366232554985e+00
   1.4000000000000001e+00   2.8639004897188594e+00
   1.5000000000000000e+00   2.9857031408880710e+00
   1.6000000000000001e+00   3.0959127064648828e+00
   1.7000000000000002e+00   3.1956720063483033e+00
   1.8000000000000000e+00   3.2860097997481987e+00
   1.9000000000000001e+00   3.3678516825784959e+00
   2.0000000000000000e+00   3.4420303258810581e+00
   2.1000000000000001e+00   3.5092949072988704e+00
   2.2000000000000002e+00   3.5703196887475830e+00
   2.3000000000000003e+00   3.6257117537011534e+00
   2.4000000000000004e+00   3.6760179506647743e+00
   2.5000000000000000e+00   3.7217311053873727e+00
   2.6000000000000001e+00   3.7632955699228487e+00
   2.7000000000000002e+00   3.8011121761923414e+00
   2.8000000000000003e+00   3.8355426580103615e+00
   2.9000000000000004e+00   3.8669136003157725e+00
   3.0000000000000000e+00   3.8955199685976885e+00
   3.1000000000000001e+00   3.9216282657922910e+00
   3.2000000000000002e+00   3.9454793585465109e+00
   3.3000000000000003e+00   3.9672910098351748e+00
   3.4000000000000004e+00   3.9872601505233112e+00
   3.5000000000000000e+00   4.0055649185772104e+00
   3.6000000000000001e+00   4.0223664912127122e+00
   3.7000000000000002e+00   4.0378107322815824e+00
   3.8000000000000003e+00   4.0520296745883888e+00
   3.9000000000000004e+00   4.0651428545538231e+00
   4.0000000000000000e+00   4.0772585146527174e+00
   4.1000000000000005e+00   4.0884746873172473e+00
   4.2000000000000002e+00   4.0988801724740700e+00
   4.2999999999999998e+00   4.1085554195489520e+00
   4.4000000000000004e+00   4.1175733235984611e+00
   4.5000000000000000e+00   4.1259999441938859e+00
   4.6000000000000005e+00   4.1338951547690597e+00
   4.7000000000000002e+00   4.1413132293355721e+00
   4.8000000000000007e+00   4.1483033727521583e+00
   4.9000000000000004e+00   4.1549102000985236e+00
   5.0000000000000000e+00   4.1611741701373424e+00
   5.1000000000000005e+00   4.1671319773433337e+00
   5.2000000000000002e+00   4.1728169065275926e+00
   5.3000000000000007e+00   4.1782591536825224e+00
   5.4000000000000004e+00   4.1834861163121317e+00
   5.5000000000000000e+00   4.1885226561894235e+00
   5.6000000000000005e+00   4.1933913371928631e+00
   5.7000000000000002e+00   4.1981126406136946e+00
   5.8000000000000007e+00   4.2027051600922318e+00
   5.9000000000000004e+00   4.2071857781309863e+00
   6.0000000000000000e+00   4.2115698259433847e+00
   6.1000000000000005e+00   4.2158712282265691e+00
   6.2000000000000002e+00   4.2201026342933092e+00
   6.3000000000000007e+00   4.2242755368598006e+00
   6.4000000000000004e+00   4.2284003796614460e+00
   6.5000000000000000e+00   4.2324866549562170e+00
   6.6000000000000005e+00   4.2365429918736837e+00
   6.7000000000000002e+00   4.2405772364761471e+00
   6.8000000000000007e+00   4.2445965243155959e+00
   6.9000000000000004e+00   4.2486073461954463e+00
   7.0000000000000000e+00   4.2526156077784529e+00
   7.1000000000000005e+00   4.2566266836212279e+00
   7.2000000000000002e+00   4.2606454661606037e+00
   7.3000000000000007e+00   4.2646764101271835e+00
   7.4000000000000004e+00   4.2687235728164064e+00
   7.5000000000000000e+00   4.2727906506065967e+00
   7.6000000000000005e+00   4.2768810120766743e+00
   7.7000000000000002e+00   4.2809977280427498e+00
   7.8000000000000007e+00   4.2851435988027440e+00
   7.9000000000000004e+00   4.2893211788507761e+00
   8.0000000000000000e+00   4.2935327992984256e+00
   8.0999999999999996e+00   4.2977805882175559e+00
   8.2000000000000011e+00   4.3020664890991949e+00
   8.3000000000000007e+00   4.3063922776046164e+00
   8.4000000000000004e+00   4.3107595767681932e+00
   8.5000000000000000e+00   4.3151698707965789e+00
   8.5999999999999996e+00   4.3196245175951926e+00
   8.7000000000000011e+00   4.3241247601406663e+00
   8.8000000000000007e+00   4.3286717368067666e+00
   8.9000000000000004e+00   4.3332664907412219e+00
   9.0000000000000000e+00   4.3379099783817514e+00
   9.0999999999999996e+00   4.3426030771912867e+00
   9.2000000000000011e+00   4.3473465926849411e+00
   9.3000000000000007e+00   4.3521412648144144e+00
   9.4000000000000004e+00   4.3569877737694389e+00
   9.5000000000000000e+00   4.3618867452502510e+00
   9.6000000000000014e+00   4.3668387552600842e+00
   9.7000000000000011e+00   4.3718443344620264e+00
   9.8000000000000007e+00   4.3769039721405170e+00
   9.9000000000000004e+00   4.3820181198039663e+00
   1.0000000000000000e+01   4.3871871944615854e+00
   1.0100000000000001e+01   4.3924115816044287e+00
   1.0200000000000001e+01   4.3976916379178856e+00
   1.0300000000000001e+01   4.4030276937502633e+00
   1.0400000000000000e+01   4.4084200553599011e+00
   1.0500000000000000e+01   4.4138690069610798e+00
   1.0600000000000001e+01   4.4193748125871828e+00
   1.0700000000000001e+01   4.4249377177878007e+00
   1.0800000000000001e+01   4.4305579511749675e+00
   1.0900000000000000e+01   4.4362357258322822e+00
   1.1000000000000000e+01   4.4419712405993890e+00
   1.1100000000000001e+01   4.4477646812431866e+00
   1.1200000000000001e+01   4.4536162215260324e+00
   1.1300000000000001e+01   4.4595260241802750e+00
   1.1400000000000000e+01   4.4654942417976082e+00
   1.1500000000000000e+01   4.4715210176409474e+00
   1.1600000000000001e+01   4.4776064863858069e+00
   1.1700000000000001e+01   4.4837507747975245e+00
   1.1800000000000001e+01   4.4899540023501157e+00
   1.1900000000000000e+01   4.4962162817919795e+00
   1.2000000000000000e+01   4.5025377196632110e+00
   1.2100000000000001e+01   4.5089184167688678e+00
   1.2200000000000001e+01   4.5153584686120745e+00
   1.2300000000000001e+01   4.5218579657905789e+00
   1.2400000000000000e+01   4.5284169943599846e+00
   1.2500000000000000e+01   4.5350356361665973e+00
   1.2600000000000001e+01   4.5417139691525898e+00
   1.2700000000000001e+01   4.5484520676359121e+00
   1.2800000000000001e+01   4.5552500025671652e+00
   1.2900000000000000e+01   4.5621078417654495e+00
   1.3000000000000000e+01   4.5690256501350346e+00
   1.3100000000000001e+01   4.5760034898645152e+00
   1.3200000000000001e+01   4.5830414206099732e+00
   1.3300000000000001e+01   4.5901394996635281e+00
   1.3400000000000000e+01   4.5972977821085275e+00
   1.3500000000000000e+01   4.6045163209625528e+00
   1.3600000000000001e+01   4.6117951673092481e+00
   1.3700000000000001e+01   4.6191343704199488e+00
   1.3800000000000001e+01   4.6265339778659680e+00
   1.3900000000000000e+01   4.6339940356223419e+00
   1.4000000000000000e+01   4.6415145881637274e+00
   1.4100000000000001e+01   4.6490956785531550e+00
   1.4200000000000001e+01   4.6567373485241879e+00
   1.4300000000000001e+01   4.6644396385570746e+00
   1.4400000000000000e+01   4.6722025879493589e+00
   1.4500000000000000e+01   4.6800262348814439e+00
   1.4600000000000001e+01   4.6879106164774811e+00
   1.4700000000000001e+01   4.6958557688620077e+00
   1.4800000000000001e+01   4.7038617272126579e+00
   1.4900000000000000e+01   4.7119285258091770e+00
   1.5000000000000000e+01   4.7200561980796021e+00
   1.5100000000000001e+01   4.7282447766422715e+00
   1.5200000000000001e+01   4.7364942933464400e+00
   1.5300000000000001e+01   4.7448047793093426e+00
   1.5400000000000000e+01   4.7531762649512235e+00
   1.5500000000000000e+01   4.7616087800281299e+00
   1.5600000000000001e+01   4.7701023536626979e+00
   1.5700000000000001e+01   4.7786570143730760e+00
   1.5800000000000001e+01   4.7872727901001388e+00
   1.5900000000000000e+01   4.7959497082331186e+00
   1.6000000000000000e+01   4.8046877956337912e+00
   1.6100000000000001e+01   4.8134870786593043e+00
   1.6199999999999999e+01   4.8223475831837792e+00
   1.6300000000000001e+01   4.8312693346187663e+00
   1.6400000000000002e+01   4.8402523579326484e+00
   1.6500000000000000e+01   4.8492966776690682e+00
   1.6600000000000001e+01   4.8584023179644671e+00
   1.6699999999999999e+01   4.8675693025647879e+00
   1.6800000000000001e+01   4.8767976548414307e+00
   1.6900000000000002e+01   4.8860873978064925e+00
   1.7000000000000000e+01   4.8954385541273773e+00
   1.7100000000000001e+01   4.9048511461408024e+00
   1.7199999999999999e+01   4.9143251958662724e+00
   1.7300000000000001e+01   4.9238607250190443e+00
   1.7400000000000002e+01   4.9334577550226513e+00
   1.7500000000000000e+01   4.9431163070209978e+00
   1.7600000000000001e+01   4.9528364018900879e+00
   1.7699999999999999e+01   4.9626180602494125e+00
   1.7800000000000001e+01   4.9724613024730235e+00
   1.7900000000000002e+01   4.9823661487003355e+00
   1.8000000000000000e+01   4.9923326188466808e+00
   1.8100000000000001e+01   5.0023607326136510e+00
   1.8199999999999999e+01   5.0124505094992537e+00
   1.8300000000000001e+01   5.0226019688078987e+00
   1.8400000000000002e+01   5.0328151296602570e+00
   1.8500000000000000e+01   5.0430900110030095e+00
   1.8600000000000001e+01   5.0534266316185015e+00
   1.8699999999999999e+01   5.0638250101343454e+00
   1.8800000000000001e+01   5.0742851650329879e+00
   1.8900000000000002e+01   5.0848071146612472e+00
   1.9000000000000000e+01   5.0953908772398755e+00
   1.9100000000000001e+01   5.1060364708731383e+00
   1.9200000000000003e+01   5.1167439135584596e+00
   1.9300000000000001e+01   5.1275132231961420e+00
   1.9400000000000002e+01   5.1383444175991899e+00
   1.9500000000000000e+01   5.1492375145032394e+00
   1.9600000000000001e+01   5.1601925315766746e+00
   1.9700000000000003e+01   5.1712094864308797e+00
   1.9800000000000001e+01   5.1822883966307156e+00
   1.9900000000000002e+01   5.1934292797052155e+00
   2.0000000000000000e+01   5.2046321531585331e+00
   2.0100000000000001e+01   5.2158970344811681e+00
   2.0200000000000003e+01   5.2272239411615198e+00
   2.0300000000000001e+01   5.2386128906977696e+00
   2.0400000000000002e+01   5.2500639006101402e+00
   2.0500000000000000e+01   5.2615769884535686e+00
   2.0600000000000001e+01   5.2731521718308292e+00
   2.0700000000000003e+01   5.2847894684061316e+00
   2.0800000000000001e+01   5.2964888959192482e+00
   2.0900000000000002e+01   5.3082504722002053e+00
   2.1000000000000000e+01   5.3200742151845981e+00
   2.1100000000000001e+01   5.3319601429295567e+00
   2.1200000000000003e+01   5.3439082736304231e+00
   2.1300000000000001e+01   5.3559186256382159e+00
   2.1400000000000002e+01   5.3679912174779005e+00
   2.1500000000000000e+01   5.3801260678675638e+00
   2.1600000000000001e+01   5.3923231957385527e+00
   2.1700000000000003e+01   5.4045826202566314e+00
   2.1800000000000001e+01   5.4169043608442662e+00
   2.1900000000000002e+01   5.4292884372041046e+00
   2.2000000000000000e+01   5.4417348693437324e+00
   2.2100000000000001e+01   5.4542436776018377e+00
   2.2200000000000003e+01   5.4668148826758500e+00
   2.2300000000000001e+01   5.4794485056512059e+00
   2.2400000000000002e+01   5.4921445680323471e+00
   2.2500000000000000e+01   5.5049030917755886e+00
   2.2600000000000001e+01   5.5177240993240044e+00
   2.2700000000000003e+01   5.5306076136445101e+00
   2.2800000000000001e+01   5.5435536582672809e+00
   2.2900000000000002e+01   5.5565622573277267e+00
   2.3000000000000000e+01   5.5696334356112267e+00
   2.3100000000000001e+01   5.5827672186008357e+00
   2.3200000000000003e+01   5.5959636325282229e+00
   2.3300000000000001e+01   5.6092227044281087e+00
   2.3400000000000002e+01   5.6225444621964966e+00
   2.3500000000000000e+01   5.6359289346530339e+00
   2.3600000000000001e+01   5.6493761516078482e+00
   2.3700000000000003e+01   5.6628861439332523e+00
   2.3800000000000001e+01   5.6764589436407569e+00
   2.3900000000000002e+01   5.6900945839638641e+00
   2.4000000000000000e+01   5.7037930994471688e+00
   2.4100000000000001e+01   5.7175545260423455e+00
   2.4200000000000003e+01   5.7313789012116558e+00
   2.4300000000000001e+01   5.7452662640397065e+00
   2.4400000000000002e+01   5.7592166553542343e+00
   2.4500000000000000e+01   5.7732301178567837e+00
   2.4600000000000001e+01   5.7873066962642730e+00
   2.4700000000000003e+01   5.8014464374625216e+00
   2.4800000000000001e+01   5.8156493906729478e+00
   2.4900000000000002e+01   5.8299156076337972e+00
   2.5000000000000000e+01   5.8442451427974085e+00
   2.5100000000000001e+01   5.8586380535452243e+00
   2.5200000000000003e+01   5.8730944004224410e+00
   2.5300000000000001e+01   5.8876142473944499e+00
   2.5400000000000002e+01   5.9021976621274987e+00
   2.5500000000000000e+01   5.9168447162962821e+00
   2.5600000000000001e+01   5.9315554859215629e+00
   2.5700000000000003e+01   5.9463300517413344e+00
   2.5800000000000001e+01   5.9611684996194922e+00
   2.5900000000000002e+01   5.9760709209965555e+00
   2.6000000000000000e+01   5.9910374133876072e+00
   2.6100000000000001e+01   6.0060680809333649e+00
   2.6200000000000003e+01   6.0211630350111909e+00
   2.6300000000000001e+01   6.0363223949137881e+00
   2.6400000000000002e+01   6.0515462886046407e+00
   2.6500000000000000e+01   6.0668348535605077e+00
   2.6600000000000001e+01   6.0821882377130674e+00
   2.6700000000000003e+01   6.0976066005036511e+00
   2.6800000000000001e+01   6.1130901140673934e+00
   2.6900000000000002e+01   6.1286389645658517e+00
   2.7000000000000000e+01   6.1442533536904618e+00
   2.7100000000000001e+01   6.1599335003631603e+00
   2.7200000000000003e+01   6.1756796426652585e+00
   2.7300000000000001e+01   6.1914920400314921e+00
   2.7400000000000002e+01   6.2073709757531326e+00
   2.7500000000000000e+01   6.2233167598426835e+00
   2.7600000000000001e+01   6.2393297323231947e+00
   2.7700000000000003e+01   6.2554102670182381e+00
   2.7800000000000001e+01   6.2715587759346931e+00
   2.7900000000000002e+01   6.2877757143505804e+00
   2.8000000000000000e+01   6.3040615867454095e+00
   2.8100000000000001e+01   6.3204169537422743e+00
   2.8200000000000003e+01   6.3368424402713899e+00
   2.8300000000000001e+01   6.3533387452164396e+00
   2.8400000000000002e+01   6.3699066528717561e+00
   2.8500000000000000e+01   6.3865470466249459e+00
   2.8600000000000001e+01   6.4032609253929929e+00
   2.8700000000000003e+01   6.4200494234898340e+00
   2.8800000000000001e+01   6.4369138348035397e+00
   2.8900000000000002e+01   6.4538556424311118e+00
   2.9000000000000000e+01   6.4708765552869822e+00
   2.9100000000000001e+01   6.4879785537091683e+00
   2.9200000000000003e+01   6.5051639467971949e+00
   2.9300000000000001e+01   6.5224354452227313e+00
   2.9400000000000002e+01   6.5397962547037789e+00
   2.9500000000000000e+01   6.5572501974563604e+00
   2.9600000000000001e+01   6.5748018721048407e+00
   2.9700000000000003e+01   6.5924568673545316e+00
   2.9800000000000001e+01   6.6102220522424027e+00
   2.9900000000000002e+01   6.6281059777857978e+00
   3.0000000000000000e+01   6.6461194445901892e+00
   3.0100000000000001e+01   6.6642763245198733e+00
   3.0200000000000003e+01   6.6825947837052819e+00
   3.0300000000000001e+01   6.7010991631746091e+00
   3.0400000000000002e+01   6.7198229847778093e+00
   3.0500000000000000e+01   6.7388139857561296e+00
   3.0600000000000001e+01   6.7581430527289825e+00
   3.0700000000000003e+01   6.7779212835737823e+00
   3.0800000000000001e+01   6.7983358871912944e+00
   3.0900000000000002e+01   6.8197366145986402e+00
   3.1000000000000000e+01   6.8428906865026349e+00
   3.1100000000000001e+01   6.8700525128733991e+00
   3.1200000000000003e+01   6.9155342330915452e+00
   3.1300000000000001e+01   7.0993333318114660e+00
   3.1400000000000002e+01   7.3622955337396050e+00
   3.1500000000000000e+01   7.6212673574351841e+00
   3.1600000000000001e+01   7.8624948749869690e+00
   3.1700000000000003e+01   8.0848329962959671e+00
   3.1800000000000001e+01   8.2891688197178457e+00
   3.1900000000000002e+01   8.4767792799357586e+00
   3.2000000000000000e+01   8.6489978494887190e+00
   3.2100000000000001e+01   8.8071021833799517e+00
   3.2200000000000003e+01   8.9523075934805245e+00
   3.2300000000000004e+01   9.0857575922914844e+00
   3.2399999999999999e+01   9.2085111445039942e+00
   3.2500000000000000e+01   9.3215433244083670e+00
   3.2600000000000001e+01   9.4257488038765089e+00
   3.2700000000000003e+01   9.5219463881217052e+00
   3.2800000000000004e+01   9.6108839794086247e+00
   3.2899999999999999e+01   9.6932436523283076e+00
   3.3000000000000000e+01   9.7696466602658969e+00
   3.3100000000000001e+01   9.8406582675539251e+00
   3.3200000000000003e+01   9.9067923464454459e+00
   3.3300000000000004e+01   9.9685157059276150e+00
   3.3399999999999999e+01   1.0026252137358158e+01
   3.3500000000000000e+01   1.0080386173677157e+01
   3.3600000000000001e+01   1.0131266566686126e+01
   3.3700000000000003e+01   1.0179209491915032e+01
   3.3800000000000004e+01   1.0224501493761059e+01
   3.3899999999999999e+01   1.0267402185444016e+01
   3.4000000000000000e+01   1.0308146719270615e+01
   3.4100000000000001e+01   1.0346948043006918e+01
   3.4200000000000003e+01   1.0383998958021699e+01
   3.4300000000000004e+01   1.0419473994424665e+01
   3.4399999999999999e+01   1.0453531117786389e+01
   3.4500000000000000e+01   1.0486313281266105e+01
   3.4600000000000001e+01   1.0517949836143673e+01
   3.4700000000000003e+01   1.0548557812892390e+01
   3.4800000000000004e+01   1.0578243084067282e+01
   3.4899999999999999e+01   1.0607101419438658e+01
   3.5000000000000000e+01   1.0635219442985976e+01
   3.5100000000000001e+01   1.0662675500590783e+01
   3.5200000000000003e+01   1.0689540446534949e+01
   3.5300000000000004e+01   1.0715878356224001e+01
   3.5399999999999999e+01   1.0741747171915948e+01
   3.5500000000000000e+01   1.0767199287643070e+01
   3.5600000000000001e+01   1.0792282078966707e+01
   3.5700000000000003e+01   1.0817038382700709e+01
   3.5800000000000004e+01   1.0841506931276321e+01
   3.5899999999999999e+01   1.0865722745996877e+01
   3.6000000000000000e+01   1.0889717493042536e+01
   3.6100000000000001e+01   1.0913519805730822e+01
   3.6200000000000003e+01   1.0937155576215398e+01
   3.6300000000000004e+01   1.0960648219510862e+01
   3.6399999999999999e+01   1.0984018912463210e+01
   3.6500000000000000e+01   1.1007286810041736e+01
   3.6600000000000001e+01   1.1030469241106493e+01
   3.6700000000000003e+01   1.1053581885604117e+01
   3.6800000000000004e+01   1.1076638934962109e+01
   3.6899999999999999e+01   1.1099653237285910e+01
   3.7000000000000000e+01   1.1122636428812724e+01
   3.7100000000000001e+01   1.1145599052939923e+01
   3.7200000000000003e+01   1.1168550668022290e+01
   3.7300000000000004e+01   1.1191499945020750e+01
   3.7399999999999999e+01   1.1214454755983988e+01
   3.7500000000000000e+01   1.1237422254252920e+01
   3.7600000000000001e+01   1.1260408947195213e+01
   3.7700000000000003e+01   1.1283420762202423e+01
   3.7800000000000004e+01   1.1306463106614807e+01
   3.7899999999999999e+01   1.1329540922178085e+01
   3.8000000000000000e+01   1.1352658734581706e+01
   3.8100000000000001e+01   1.1375820698578879e+01
   3.8200000000000003e+01   1.1399030639144547e+01
   3.8300000000000004e+01   1.1422292089087867e+01
   3.8400000000000006e+01   1.1445608323500586e+01
   3.8500000000000000e+01   1.1468982391391362e+01
   3.8600000000000001e+01   1.1492417144828428e+01
   3.8700000000000003e+01   1.1515915265888985e+01
   3.8800000000000004e+01   1.1539479291692517e+01
   3.8900000000000006e+01   1.1563111637777617e+01
   3.9000000000000000e+01   1.1586814620066976e+01
   3.9100000000000001e+01   1.1610590475653323e+01
   3.9200000000000003e+01   1.1634441382630099e+01
   3.9300000000000004e+01   1.1676203284593221e+01
   3.9400000000000006e+01   1.1727233592118496e+01
   3.9500000000000000e+01   1.1776728290409853e+01
   3.9600000000000001e+01   1.1823977563759072e+01
   3.9700000000000003e+01   1.1869126255849315e+01
   3.9800000000000004e+01   1.1912374184644992e+01
   3.9900000000000006e+01   1.1953908565394654e+01
   4.0000000000000000e+01   1.1993899789499473e+01
   4.0100000000000001e+01   1.2032502549905347e+01
   4.0200000000000003e+01   1.2069857293983855e+01
   4.0300000000000004e+01   1.2106091581379827e+01
   4.0400000000000006e+01   1.2141321322003252e+01
   4.0500000000000000e+01   1.2175651902844908e+01
   4.0600000000000001e+01   1.2209179214305163e+01
   4.0700000000000003e+01   1.2241990586105540e+01
   4.0800000000000004e+01   1.2274165642103064e+01
   4.0900000000000006e+01   1.2305777082663027e+01
   4.1000000000000000e+01   1.2336891402685563e+01
   4.1100000000000001e+01   1.2367569552930325e+01
   4.1200000000000003e+01   1.2397867551948778e+01
   4.1300000000000004e+01   1.2427837055726986e+01
   4.1400000000000006e+01   1.2457525892082332e+01
   4.1500000000000000e+01   1.2486978566972484e+01
   4.1600000000000001e+01   1.2516236750204609e+01
   4.1700000000000003e+01   1.2545339748635001e+01
   4.1800000000000004e+01   1.2574324975907025e+01
   4.1900000000000006e+01   1.2603228429209032e+01
   4.2000000000000000e+01   1.2632085185617996e+01
   4.2100000000000001e+01   1.2660929933586587e+01
   4.2200000000000003e+01   1.2689797559412964e+01
   4.2300000000000004e+01   1.2718723814680944e+01
   4.2400000000000006e+01   1.2747746099557549e+01
   4.2500000000000000e+01   1.2776904409865184e+01
   4.2600000000000001e+01   1.2806242515203133e+01
   4.2700000000000003e+01   1.2835809464648143e+01
   4.2800000000000004e+01   1.2865661561663824e+01
   4.2900000000000006e+01   1.2895865020960370e+01
   4.3000000000000000e+01   1.2926499635072272e+01
   4.3100000000000001e+01   1.2957663969928630e+01
   4.3200000000000003e+01   1.2989482938134190e+01
   4.3300000000000004e+01   1.3022119186915001e+01
   4.3400000000000006e+01   1.3055790833741014e+01
   4.3500000000000000e+01   1.3090800227581910e+01
   4.3600000000000001e+01   1.3127582855918392e+01
   4.3700000000000003e+01   1.3166795337630059e+01
   4.3800000000000004e+01   1.3209484810504895e+01
   4.3900000000000006e+01   1.3257442069000556e+01
   4.4000000000000000e+01   1.3314003263001226e+01
   4.4100000000000001e+01   1.3385948411557248e+01
   4.4200000000000003e+01   1.3486760929619470e+01
   4.4300000000000004e+01   1.3631243340165657e+01
   4.4400000000000006e+01   1.3814317731709357e+01
   4.4500000000000000e+01   1.4015963202049246e+01
   4.4600000000000001e+01   1.4220078089339863e+01
   4.4700000000000003e+01   1.4418543404944456e+01
   4.4800000000000004e+01   1.4607824684498787e+01
   4.4900000000000006e+01   1.4786550655234752e+01
   4.5000000000000000e+01   1.4954380707443548e+01
   4.5100000000000001e+01   1.5111487473468550e+01
   4.5200000000000003e+01   1.5258305339590159e+01
   4.5300000000000004e+01   1.5395399401006783e+01
   4.5400000000000006e+01   1.5523393232912337e+01
   4.5500000000000000e+01   1.5642927509836776e+01
   4.5600000000000001e+01   1.5754617969502927e+01
   4.5700000000000003e+01   1.5859067726160028e+01
   4.5800000000000004e+01   1.5956861353644641e+01
   4.5900000000000006e+01   1.6048550502280751e+01
   4.6000000000000000e+01   1.6134651158737814e+01
   4.6100000000000001e+01   1.6215643244295222e+01
   4.6200000000000003e+01   1.6291971262987442e+01
   4.6300000000000004e+01   1.6364045570718343e+01
   4.6400000000000006e+01   1.6432244016174867e+01
   4.6500000000000000e+01   1.6496913788912302e+01
   4.6600000000000001e+01   1.6558373363464668e+01
   4.6700000000000003e+01   1.6616914464388920e+01
   4.6800000000000004e+01   1.6672804001955448e+01
   4.6900000000000006e+01   1.6726285945454450e+01
   4.7000000000000000e+01   1.6777583113180423e+01
   4.7100000000000001e+01   1.6826898866661260e+01
   4.7200000000000003e+01   1.6874418702677477e+01
   4.7300000000000004e+01   1.6920311740802525e+01
   4.7400000000000006e+01   1.6964732107095607e+01
   4.7500000000000000e+01   1.7007820216554453e+01
   4.7600000000000001e+01   1.7049703958243764e+01
   4.7700000000000003e+01   1.7090499787841139e+01
   4.7800000000000004e+01   1.7130313732820134e+01
   4.7900000000000006e+01   1.7169242315718776e+01
   4.8000000000000000e+01   1.7207373400992854e+01
   4.8100000000000001e+01   1.7244786970879783e+01
   4.8200000000000003e+01   1.7281555835540342e+01
   4.8300000000000004e+01   1.7317746282530340e+01
   4.8400000000000006e+01   1.7353418670404029e+01
   4.8500000000000000e+01   1.7388627970980931e+01
   4.8600000000000001e+01   1.7423424264529434e+01
   4.8700000000000003e+01   1.7457853191841934e+01
   4.8800000000000004e+01   1.7491956366903153e+01
   4.8900000000000006e+01   1.7525771753590316e+01
   4.9000000000000000e+01   1.7559334009592696e+01
   4.9100000000000001e+01   1.7592674800501964e+01
   4.9200000000000003e+01   1.7625823086803358e+01
   4.9300000000000004e+01   1.7658805386293029e+01
   4.9400000000000006e+01   1.7691646014258293e+01
   4.9500000000000000e+01   1.7724367303585431e+01
   4.9600000000000001e+01   1.7756989806804338e+01
   4.9700000000000003e+01   1.7789532481940295e+01
   4.9800000000000004e+01   1.7822012863920680e+01
   4.9900000000000006e+01   1.7854447223178784e+01
   5.0000000000000000e+01   1.7886850713008130e+01
   5.0100000000000001e+01   1.7919237507149671e+01
   5.0200000000000003e+01   1.7951620929041702e+01
   5.0300000000000004e+01   1.7984013574129875e+01
   5.0400000000000006e+01   1.8016427426624119e+01
   5.0500000000000000e+01   1.8048873972103490e+01
   5.0600000000000001e+01   1.8081364307412581e+01
   5.0700000000000003e+01   1.8113909249369186e+01
   5.0800000000000004e+01   1.8146519443918979e+01
   5.0900000000000006e+01   1.8179205477538179e+01
   5.1000000000000000e+01   1.8211977992910867e+01
   5.1100000000000001e+01   1.8244847811210221e+01
   5.1200000000000003e+01   1.8277826063712872e+01
   5.1300000000000004e+01   1.8310924336002053e+01
   5.1400000000000006e+01   1.8344154828706468e+01
   5.1500000000000000e+01   1.8377530539631341e+01
   5.1600000000000001e+01   1.8411065473338279e+01
   5.1700000000000003e+01   1.8444774885824309e+01
   5.1800000000000004e+01   1.8478675574079737e+01
   5.1900000000000006e+01   1.8512786223174508e+01
   5.2000000000000000e+01   1.8547127827425278e+01
   5.2100000000000001e+01   1.8581724207559787e+01
   5.2200000000000003e+01   1.8616602653251647e+01
   5.2300000000000004e+01   1.8651794730896679e+01
   5.2400000000000006e+01   1.8687337311485081e+01
   5.2500000000000000e+01   1.8723273895131271e+01
   5.2600000000000001e+01   1.8759656340791782e+01
   5.2700000000000003e+01   1.8796547157625223e+01
   5.2800000000000004e+01   1.8834022587703167e+01
   5.2900000000000006e+01   1.8872176824158409e+01
   5.3000000000000000e+01   1.8911127891640600e+01
   5.3100000000000001e+01   1.8951026015550834e+01
   5.3200000000000003e+01   1.8992065811336445e+01
   5.3300000000000004e+01   1.9034504501337000e+01
   5.3400000000000006e+01   1.9078689935876426e+01
   5.3500000000000000e+01   1.9125105095156346e+01
   5.3600000000000001e+01   1.9174441256831049e+01
   5.3700000000000003e+01   1.9227722615579637e+01
   5.3800000000000004e+01   1.9286524885519022e+01
   5.3900000000000006e+01   1.9353360211494689e+01
   5.4000000000000000e+01   1.9432296421842210e+01
   5.4100000000000001e+01   1.9529533094897516e+01
   5.4200000000000003e+01   1.9652123096596295e+01
   5.4300000000000004e+01   1.9802507653959278e+01
   5.4400000000000006e+01   1.9974656149414312e+01
   5.4500000000000000e+01   2.0158296248079466e+01
   5.4600000000000001e+01   2.0344652214128683e+01
   5.4700000000000003e+01   2.0528115660572261e+01
   5.4800000000000004e+01   2.0705542155891450e+01
   5.4900000000000006e+01   2.0875314825445045e+01
   5.5000000000000000e+01   2.1036711867821428e+01
