   0.0000000000000000e+00   0.0000000000000000e+00
   1.0000000000000001e-01   8.9173485451560647e-02
   2.0000000000000001e-01   2.3708140183848636e-01
   3.0000000000000004e-01   3.9296295231565870e-01
   4.0000000000000002e-01   6.1333771534573722e-01
   5.0000000000000000e-01   8.7525980727924535e-01
   6.0000000000000009e-01   1.1140750888956474e+00
   7.0000000000000007e-01   1.3344019090777250e+00
   8.0000000000000004e-01   1.5266151175949982e+00
   9.0000000000000002e-01   1.7013483204265945e+00
   1.0000000000000000e+00   1.8544487060884622e+00
   1.1000000000000001e+00   1.9943282337736867e+00
   1.2000000000000002e+00   2.1169512077004300e+00
   1.3000000000000000e+00   2.2223098212300583e+00
   1.4000000000000001e+00   2.3163373910081333e+00
   1.5000000000000000e+00   2.4011057676009737e+00
   1.6000000000000001e+00   2.4775015692567526e+00
   1.7000000000000002e+00   2.5462664549541376e+00
   1.8000000000000000e+00   2.6081430500876492e+00
   1.9000000000000001e+00   2.6638278151537396e+00
   2.0000000000000000e+00   2.7139505348599404e+00
   2.1000000000000001e+00   2.7590771389928155e+00
   2.2000000000000002e+00   2.7997168391224556e+00
   2.3000000000000003e+00   2.8363281609243698e+00
   2.4000000000000004e+00   2.8693239245890680e+00
   2.5000000000000000e+00   2.8990756711987915e+00
   2.6000000000000001e+00   2.9259176989147204e+00
   2.7000000000000002e+00   2.9501507372411595e+00
   2.8000000000000003e+00   2.9720452766048768e+00
   2.9000000000000004e+00   2.9918445783990797e+00
   3.0000000000000000e+00   3.0097673930430502e+00
   3.1000000000000001e+00   3.0260104124041489e+00
   3.2000000000000002e+00   3.0407504810170662e+00
   3.3000000000000003e+00   3.0541465886985453e+00
   3.4000000000000004e+00   3.0663416653245164e+00
   3.5000000000000000e+00   3.0774641968172252e+00
   3.6000000000000001e+00   3.0876296797245906e+00
   3.7000000000000002e+00   3.0969419301823673e+00
   3.8000000000000003e+00   3.1054942616323054e+00
   3.9000000000000004e+00   3.1133705442803912e+00
   4.0000000000000000e+00   3.1206461580447709e+00
   4.1000000000000005e+00   3.1273888496262434e+00
   4.2000000000000002e+00   3.1336595032848034e+00
   4.2999999999999998e+00   3.1395128339563652e+00
   4.4000000000000004e+00   3.1449980105117437e+00
   4.5000000000000000e+00   3.1504567844650588e+00
   4.6000000000000005e+00   3.1555345828557089e+00
   4.7000000000000002e+00   3.1601861634629422e+00
   4.8000000000000007e+00   3.1646169799335802e+00
   4.9000000000000004e+00   3.1688942153229585e+00
   5.0000000000000000e+00   3.1730398391541863e+00
   5.1000000000000005e+00   3.1770705177414373e+00
   5.2000000000000002e+00   3.1810037862572922e+00
   5.3000000000000007e+00   3.1848563893337616e+00
   5.4000000000000004e+00   3.1886434371251888e+00
   5.5000000000000000e+00   3.1923784312393915e+00
   5.6000000000000005e+00   3.1960734663025945e+00
   5.7000000000000002e+00   3.1997393962197598e+00
   5.8000000000000007e+00   3.2033859639542417e+00
   5.9000000000000004e+00   3.2070219136428353e+00
   6.0000000000000000e+00   3.2106550916949543e+00
   6.1000000000000005e+00   3.2142925381370575e+00
   6.2000000000000002e+00   3.2179405688092539e+00
   6.3000000000000007e+00   3.2216048492159839e+00
   6.4000000000000004e+00   3.2252904608821433e+00
   6.5000000000000000e+00   3.2290019609719027e+00
   6.6000000000000005e+00   3.2327434358576568e+00
   6.7000000000000002e+00   3.2365185492564530e+00
   6.8000000000000007e+00   3.2403305854804674e+00
   6.9000000000000004e+00   3.2441824882942520e+00
   7.0000000000000000e+00   3.2480768958258484e+00
   7.1000000000000005e+00   3.2520161719329344e+00
   7.2000000000000002e+00   3.2560024343785141e+00
   7.3000000000000007e+00   3.2600375801439707e+00
   7.4000000000000004e+00   3.2641233081657086e+00
   7.5000000000000000e+00   3.2682611397578252e+00
   7.6000000000000005e+00   3.2724524369569079e+00
   7.7000000000000002e+00   3.2766984189951747e+00
   7.8000000000000007e+00   3.2810001770980124e+00
   7.9000000000000004e+00   3.2853586877690817e+00
   8.0000000000000000e+00   3.2897748247206713e+00
   8.0999999999999996e+00   3.2942493695859012e+00
   8.2000000000000011e+00   3.2987830215354252e+00
   8.3000000000000007e+00   3.3033764059104640e+00
   8.4000000000000004e+00   3.3080300819732202e+00
   8.5000000000000000e+00   3.3127445498610286e+00
   8.5999999999999996e+00   3.3175202568301541e+00
   8.7000000000000011e+00   3.3223576028553046e+00
   8.8000000000000007e+00   3.3272569456561940e+00
   8.9000000000000004e+00   3.3322186052069886e+00
   9.0000000000000000e+00   3.3372428677802732e+00
   9.0999999999999996e+00   3.3423299895742082e+00
   9.2000000000000011e+00   3.3474801999658728e+00
   9.3000000000000007e+00   3.3526937044286251e+00
   9.4000000000000004e+00   3.3579706871466790e+00
   9.5000000000000000e+00   3.3633113133590098e+00
   9.6000000000000014e+00   3.3687157314601297e+00
   9.7000000000000011e+00   3.3741840748828422e+00
   9.8000000000000007e+00   3.3797164637842960e+00
   9.9000000000000004e+00   3.3853130065566610e+00
   1.0000000000000000e+01   3.3909738011799901e+00
   1.0100000000000001e+01   3.3966989364337707e+00
   1.0200000000000001e+01   3.4024884929811132e+00
   1.0300000000000001e+01   3.4083425443394169e+00
   1.0400000000000000e+01   3.4142611577491206e+00
   1.0500000000000000e+01   3.4202443949505819e+00
   1.0600000000000001e+01   3.4262923128790144e+00
   1.0700000000000001e+01   3.4324049642863588e+00
   1.0800000000000001e+01   3.4385823982970436e+00
   1.0900000000000000e+01   3.4448246609050144e+00
   1.1000000000000000e+01   3.4511317954176808e+00
   1.1100000000000001e+01   3.4575038428527827e+00
   1.1200000000000001e+01   3.4639408422932325e+00
   1.1300000000000001e+01   3.4704428312041480e+00
   1.1400000000000000e+01   3.4770098457158043e+00
   1.1500000000000000e+01   3.4836419208767229e+00
   1.1600000000000001e+01   3.4903390908796927e+00
   1.1700000000000001e+01   3.4971013892638045e+00
   1.1800000000000001e+01   3.5039288490949976e+00
   1.1900000000000000e+01   3.5108215031275605e+00
   1.2000000000000000e+01   3.5177793839486045e+00
   1.2100000000000001e+01   3.5248025241073879e+00
   1.2200000000000001e+01   3.5318909562312171e+00
   1.2300000000000001e+01   3.5390447131293041e+00
   1.2400000000000000e+01   3.5462638278862668e+00
   1.2500000000000000e+01   3.5535483339459475e+00
   1.2600000000000001e+01   3.5608982651871872e+00
   1.2700000000000001e+01   3.5683136559923150e+00
   1.2800000000000001e+01   3.5757945413090870e+00
   1.2900000000000000e+01   3.5833409567069783e+00
   1.3000000000000000e+01   3.5909529384287571e+00
   1.3100000000000001e+01   3.5986305234376856e+00
   1.3200000000000001e+01   3.6063737494608246e+00
   1.3300000000000001e+01   3.6141826550292397e+00
   1.3400000000000000e+01   3.6220572795157326e+00
   1.3500000000000000e+01   3.6299976631696986e+00
   1.3600000000000001e+01   3.6380038471506242e+00
   1.3700000000000001e+01   3.6460758735595769e+00
   1.3800000000000001e+01   3.6542137854694285e+00
   1.3900000000000000e+01   3.6624176269540705e+00
   1.4000000000000000e+01   3.6706874431171133e+00
   1.4100000000000001e+01   3.6790232801194955e+00
   1.4200000000000001e+01   3.6874251852070574e+00
   1.4300000000000001e+01   3.6958932067379586e+00
   1.4400000000000000e+01   3.7044273942099921e+00
   1.4500000000000000e+01   3.7130277982880657e+00
   1.4600000000000001e+01   3.7216944708319226e+00
   1.4700000000000001e+01   3.7304274649244618e+00
   1.4800000000000001e+01   3.7392268349004558e+00
   1.4900000000000000e+01   3.7480926363759295e+00
   1.5000000000000000e+01   3.7570249262784059e+00
   1.5100000000000001e+01   3.7660237628779405e+00
   1.5200000000000001e+01   3.7750892058192966e+00
   1.5300000000000001e+01   3.7842213161549907e+00
   1.5400000000000000e+01   3.7934201563795122e+00
   1.5500000000000000e+01   3.8026857904649600e+00
   1.5600000000000001e+01   3.8120182838979582e+00
   1.5700000000000001e+01   3.8214177037177870e+00
   1.5800000000000001e+01   3.8308841185562534e+00
   1.5900000000000000e+01   3.8404175986791369e+00
   1.6000000000000000e+01   3.8500182160291505e+00
   1.6100000000000001e+01   3.8596860442707941e+00
   1.6199999999999999e+01   3.8694211588369836e+00
   1.6300000000000001e+01   3.8792236369777040e+00
   1.6400000000000002e+01   3.8890935578105399e+00
   1.6500000000000000e+01   3.8990310023734853e+00
   1.6600000000000001e+01   3.9090360536798245e+00
   1.6699999999999999e+01   3.9191087967754181e+00
   1.6800000000000001e+01   3.9292493187984605e+00
   1.6900000000000002e+01   3.9394577090415979e+00
   1.7000000000000000e+01   3.9497340590168983e+00
   1.7100000000000001e+01   3.9600784625233714e+00
   1.7199999999999999e+01   3.9704910157175237e+00
   1.7300000000000001e+01   3.9809718171868851e+00
   1.7400000000000002e+01   3.9915209680267165e+00
   1.7500000000000000e+01   4.0021385719199625e+00
   1.7600000000000001e+01   4.0128247352206996e+00
   1.7699999999999999e+01   4.0235795670411960e+00
   1.7800000000000001e+01   4.0344031793427222e+00
   1.7900000000000002e+01   4.0452956870303449e+00
   1.8000000000000000e+01   4.0562572080518580e+00
   1.8100000000000001e+01   4.0672878635010656e+00
   1.8199999999999999e+01   4.0783877777255997e+00
   1.8300000000000001e+01   4.0895570784395368e+00
   1.8400000000000002e+01   4.1007958968410465e+00
   1.8500000000000000e+01   4.1121043677352187e+00
   1.8600000000000001e+01   4.1234826296625160e+00
   1.8699999999999999e+01   4.1349308250329440e+00
   1.8800000000000001e+01   4.1464491002663681e+00
   1.8900000000000002e+01   4.1580376059392270e+00
   1.9000000000000000e+01   4.1696964969379851e+00
   1.9100000000000001e+01   4.1814259326196730e+00
   1.9200000000000003e+01   4.1932260769799443e+00
   1.9300000000000001e+01   4.2050970988289151e+00
   1.9400000000000002e+01   4.2170391719753777e+00
   1.9500000000000000e+01   4.2290524754197003e+00
   1.9600000000000001e+01   4.2411371935559732e+00
   1.9700000000000003e+01   4.2532935163838745e+00
   1.9800000000000001e+01   4.2655216397308013e+00
   1.9900000000000002e+01   4.2778217654848465e+00
   2.0000000000000000e+01   4.2901941018392487e+00
   2.0100000000000001e+01   4.3026388635489088e+00
   2.0200000000000003e+01   4.3151562721998022e+00
   2.0300000000000001e+01   4.3277465564918849e+00
   2.0400000000000002e+01   4.3404099525363877e+00
   2.0500000000000000e+01   4.3531467041683278e+00
   2.0600000000000001e+01   4.3659570632751166e+00
   2.0700000000000003e+01   4.3788412901422769e+00
   2.0800000000000001e+01   4.3917996538172854e+00
   2.0900000000000002e+01   4.4048324324926913e+00
   2.1000000000000000e+01   4.4179399139096658e+00
   2.1100000000000001e+01   4.4311223957832615e+00
   2.1200000000000003e+01   4.4443801862508252e+00
   2.1300000000000001e+01   4.4577136043449528e+00
   2.1400000000000002e+01   4.4711229804926313e+00
   2.1500000000000000e+01   4.4846086570422345e+00
   2.1600000000000001e+01   4.4981709888202328e+00
   2.1700000000000003e+01   4.5118103437195822e+00
   2.1800000000000001e+01   4.5255271033219149e+00
   2.1900000000000002e+01   4.5393216635557980e+00
   2.2000000000000000e+01   4.5531944353935909e+00
   2.2100000000000001e+01   4.5671458455894767e+00
   2.2200000000000003e+01   4.5811763374616383e+00
   2.2300000000000001e+01   4.5952863717216301e+00
   2.2400000000000002e+01   4.6094764273543172e+00
   2.2500000000000000e+01   4.6237470025520606e+00
   2.2600000000000001e+01   4.6380986157070376e+00
   2.2700000000000003e+01   4.6525318064660324e+00
   2.2800000000000001e+01   4.6670471368523136e+00
   2.2900000000000002e+01   4.6816451924596461e+00
   2.3000000000000000e+01   4.6963265837239119e+00
   2.3100000000000001e+01   4.7110919472783319e+00
   2.3200000000000003e+01   4.7259419473987574e+00
   2.3300000000000001e+01   4.7408772775461445e+00
   2.3400000000000002e+01   4.7558986620139025e+00
   2.3500000000000000e+01   4.7710068576885956e+00
   2.3600000000000001e+01   4.7862026559331925e+00
   2.3700000000000003e+01   4.8014868846029826e+00
   2.3800000000000001e+01   4.8168604102052131e+00
   2.3900000000000002e+01   4.8323241402145829e+00
   2.4000000000000000e+01   4.8478790255578916e+00
   2.4100000000000001e+01   4.8635260632825048e+00
   2.4200000000000003e+01   4.8792662994247333e+00
   2.4300000000000001e+01   4.8951008320958493e+00
   2.4400000000000002e+01   4.9110308148053310e+00
   2.4500000000000000e+01   4.9270574600429056e+00
   2.4600000000000001e+01   4.9431820431433176e+00
   2.4700000000000003e+01   4.9594059064602369e+00
   2.4800000000000001e+01   4.9757304638786213e+00
   2.4900000000000002e+01   4.9921572056980619e+00
   2.5000000000000000e+01   5.0086877039232975e+00
   2.5100000000000001e+01   5.0253236180021252e+00
   2.5200000000000003e+01   5.0420667010555675e+00
   2.5300000000000001e+01   5.0589188066504232e+00
   2.5400000000000002e+01   5.0758818961701611e+00
   2.5500000000000000e+01   5.0929580468468876e+00
   2.5600000000000001e+01   5.1101494605247568e+00
   2.5700000000000003e+01   5.1274584732337996e+00
   2.5800000000000001e+01   5.1448875656631667e+00
   2.5900000000000002e+01   5.1624393746340385e+00
   2.6000000000000000e+01   5.1801167056854611e+00
   2.6100000000000001e+01   5.1979225469012524e+00
   2.6200000000000003e+01   5.2158600841233174e+00
   2.6300000000000001e+01   5.2339327177163435e+00
   2.6400000000000002e+01   5.2521440810717950e+00
   2.6500000000000000e+01   5.2704980610654575e+00
   2.6600000000000001e+01   5.2889988207134557e+00
   2.6700000000000003e+01   5.3076508243073484e+00
   2.6800000000000001e+01   5.3264588653505056e+00
   2.6900000000000002e+01   5.3454280976665212e+00
   2.7000000000000000e+01   5.3645640701075106e+00
   2.7100000000000001e+01   5.3838727653570171e+00
   2.7200000000000003e+01   5.4033606434013555e+00
   2.7300000000000001e+01   5.4230346903362889e+00
   2.7400000000000002e+01   5.4429024732867921e+00
   2.7500000000000000e+01   5.4629722023489755e+00
   2.7600000000000001e+01   5.4832528006200842e+00
   2.7700000000000003e+01   5.5037539835701121e+00
   2.7800000000000001e+01   5.5244863492336007e+00
   2.7900000000000002e+01   5.5454614809712819e+00
   2.8000000000000000e+01   5.5666920648785601e+00
   2.8100000000000001e+01   5.5881920243148127e+00
   2.8200000000000003e+01   5.6099766745099489e+00
   2.8300000000000001e+01   5.6320629007938896e+00
   2.8400000000000002e+01   5.6544693647158342e+00
   2.8500000000000000e+01   5.6772167432067029e+00
   2.8600000000000001e+01   5.7003280070306843e+00
   2.8700000000000003e+01   5.7238287461234876e+00
   2.8800000000000001e+01   5.7477475510911908e+00
   2.8900000000000002e+01   5.7721164622287198e+00
   2.9000000000000000e+01   5.7969715000160207e+00
   2.9100000000000001e+01   5.8223532942946257e+00
   2.9200000000000003e+01   5.8483078333796641e+00
   2.9300000000000001e+01   5.8748873594292021e+00
   2.9400000000000002e+01   5.9021514426674448e+00
   2.9500000000000000e+01   5.9301682749036821e+00
   2.9600000000000001e+01   5.9590162322933926e+00
   2.9700000000000003e+01   5.9887857688511641e+00
   2.9800000000000001e+01   6.0195817156997835e+00
   2.9900000000000002e+01   6.0515260760606253e+00
   3.0000000000000000e+01   6.0847614211088894e+00
   3.0100000000000001e+01   6.1194550036823570e+00
   3.0200000000000003e+01   6.1558037083706267e+00
   3.0300000000000001e+01   6.1940399337674243e+00
   3.0400000000000002e+01   6.2344384293832800e+00
   3.0500000000000000e+01   6.2773239386683484e+00
   3.0600000000000001e+01   6.3230791504578150e+00
   3.0700000000000003e+01   6.3721518083164952e+00
   3.0800000000000001e+01   6.4250587025915475e+00
   3.0900000000000002e+01   6.4823825230930785e+00
   3.1000000000000000e+01   6.5447552564812144e+00
   3.1100000000000001e+01   6.6128197453168136e+00
   3.1200000000000003e+01   6.6871613377159047e+00
   3.1300000000000001e+01   6.7682078862490487e+00
   3.1400000000000002e+01   6.8561114610100402e+00
   3.1500000000000000e+01   6.9506450671210489e+00
   3.1600000000000001e+01   7.0511579116357703e+00
   3.1700000000000003e+01   7.1566177367367025e+00
   3.1800000000000001e+01   7.2657316288366918e+00
   3.1900000000000002e+01   7.3771031733542012e+00
   3.2000000000000000e+01   7.4893770251661209e+00
   3.2100000000000001e+01   7.6013402943931281e+00
   3.2200000000000003e+01   7.7119747829574514e+00
   3.2300000000000004e+01   7.8204700562106826e+00
   3.2399999999999999e+01   7.9262119454908246e+00
   3.2500000000000000e+01   8.0287588765417333e+00
   3.2600000000000001e+01   8.1278142376851132e+00
   3.2700000000000003e+01   8.2231993676684603e+00
   3.2800000000000004e+01   8.3148293081660043e+00
   3.2899999999999999e+01   8.4026920574260444e+00
   3.3000000000000000e+01   8.4868313336563865e+00
   3.3100000000000001e+01   8.5673325265391505e+00
   3.3200000000000003e+01   8.6443113990628966e+00
   3.3300000000000004e+01   8.7179050922580572e+00
   3.3399999999999999e+01   8.7882471896665884e+00
   3.3500000000000000e+01   8.8554868510757565e+00
   3.3600000000000001e+01   8.9197900075787224e+00
   3.3700000000000003e+01   8.9813255655572029e+00
   3.3800000000000004e+01   9.0402603764295986e+00
   3.3899999999999999e+01   9.0967574140834024e+00
   3.4000000000000000e+01   9.1509746523008531e+00
   3.4100000000000001e+01   9.2030641651118987e+00
   3.4200000000000003e+01   9.2531714738701751e+00
   3.4300000000000004e+01   9.3014351358700793e+00
   3.4399999999999999e+01   9.3479865295717364e+00
   3.4500000000000000e+01   9.3929497902906700e+00
   3.4600000000000001e+01   9.4364418598961954e+00
   3.4700000000000003e+01   9.4785726223555553e+00
   3.4800000000000004e+01   9.5217153101204595e+00
   3.4899999999999999e+01   9.5628404979137578e+00
   3.5000000000000000e+01   9.6013471924421090e+00
   3.5100000000000001e+01   9.6386510658446536e+00
   3.5200000000000003e+01   9.6751457015339337e+00
   3.5300000000000004e+01   9.7108924709810065e+00
   3.5399999999999999e+01   9.7459234135827320e+00
   3.5500000000000000e+01   9.7802886339012254e+00
   3.5600000000000001e+01   9.8140427426211652e+00
   3.5700000000000003e+01   9.8472371637524372e+00
   3.5800000000000004e+01   9.8799191982992216e+00
   3.5899999999999999e+01   9.9121325947750627e+00
   3.6000000000000000e+01   9.9439179747535498e+00
   3.6100000000000001e+01   9.9753130780912667e+00
   3.6200000000000003e+01   1.0006352958669060e+01
   3.6300000000000004e+01   1.0037070172330116e+01
   3.6399999999999999e+01   1.0067494958161413e+01
   3.6500000000000000e+01   1.0097655410047983e+01
   3.6600000000000001e+01   1.0127577637735936e+01
   3.6700000000000003e+01   1.0157285917737854e+01
   3.6800000000000004e+01   1.0186802834578934e+01
   3.6899999999999999e+01   1.0216149412862622e+01
   3.7000000000000000e+01   1.0245345240630398e+01
   3.7100000000000001e+01   1.0274408584498778e+01
   3.7200000000000003e+01   1.0303356497061245e+01
   3.7300000000000004e+01   1.0332204917040464e+01
   3.7399999999999999e+01   1.0360968762668659e+01
   3.7500000000000000e+01   1.0389662018762866e+01
   3.7600000000000001e+01   1.0418297817948106e+01
   3.7700000000000003e+01   1.0446888516466485e+01
   3.7800000000000004e+01   1.0475445764994010e+01
   3.7899999999999999e+01   1.0503980574870456e+01
   3.8000000000000000e+01   1.0532503380131146e+01
   3.8100000000000001e+01   1.0561024095713554e+01
   3.8200000000000003e+01   1.0589552172196360e+01
   3.8300000000000004e+01   1.0618096647414260e+01
   3.8400000000000006e+01   1.0646666195278979e+01
   3.8500000000000000e+01   1.0675269172124976e+01
   3.8600000000000001e+01   1.0703913660888631e+01
   3.8700000000000003e+01   1.0732607513421037e+01
   3.8800000000000004e+01   1.0761358391228312e+01
   3.8900000000000006e+01   1.0790173804928827e+01
   3.9000000000000000e+01   1.0819061152714745e+01
   3.9100000000000001e+01   1.0848027758105410e+01
   3.9200000000000003e+01   1.0877080907283164e+01
   3.9300000000000004e+01   1.0906227886308086e+01
   3.9400000000000006e+01   1.0935476018517150e+01
   3.9500000000000000e+01   1.0964832702425991e+01
   3.9600000000000001e+01   1.0994305450468202e+01
   3.9700000000000003e+01   1.1023901928928220e+01
   3.9800000000000004e+01   1.1053629999450186e+01
   3.9900000000000006e+01   1.1083497762537201e+01
   4.0000000000000000e+01   1.1113513603494306e+01
   4.0100000000000001e+01   1.1143686241314834e+01
   4.0200000000000003e+01   1.1174024781065249e+01
   4.0300000000000004e+01   1.1204538770389206e+01
   4.0400000000000006e+01   1.1235238260829263e+01
   4.0500000000000000e+01   1.1266133874756509e+01
   4.0600000000000001e+01   1.1297236878806704e+01
   4.0700000000000003e+01   1.1328559264849259e+01
   4.0800000000000004e+01   1.1360113839666059e+01
   4.0900000000000006e+01   1.1391914324694826e+01
   4.1000000000000000e+01   1.1423975467401391e+01
   4.1100000000000001e+01   1.1456313166092569e+01
   4.1200000000000003e+01   1.1488944610273478e+01
   4.1300000000000004e+01   1.1521888438997845e+01
   4.1400000000000006e+01   1.1555164920066932e+01
   4.1500000000000000e+01   1.1588796153412671e+01
   4.1600000000000001e+01   1.1622806302566367e+01
   4.1700000000000003e+01   1.1657221858779288e+01
   4.1800000000000004e+01   1.1692071943140698e+01
   4.1900000000000006e+01   1.1727388652947820e+01
   4.2000000000000000e+01   1.1763207459634000e+01
   4.2100000000000001e+01   1.1799567666766777e+01
   4.2200000000000003e+01   1.1836512937986612e+01
   4.2300000000000004e+01   1.1874091906254964e+01
   4.2400000000000006e+01   1.1912358877370851e+01
   4.2500000000000000e+01   1.1951374642302850e+01
   4.2600000000000001e+01   1.1991207414288057e+01
   4.2700000000000003e+01   1.2031933907555816e+01
   4.2800000000000004e+01   1.2073640574409474e+01
   4.2900000000000006e+01   1.2116425015372679e+01
   4.3000000000000000e+01   1.2160397571785047e+01
   4.3100000000000001e+01   1.2205683099438591e+01
   4.3200000000000003e+01   1.2252422902257056e+01
   4.3300000000000004e+01   1.2300776771748744e+01
   4.3400000000000006e+01   1.2350925023904766e+01
   4.3500000000000000e+01   1.2403070341360261e+01
   4.3600000000000001e+01   1.2457439103245816e+01
   4.3700000000000003e+01   1.2514281708047776e+01
   4.3800000000000004e+01   1.2573871161207057e+01
   4.3900000000000006e+01   1.2636498924325881e+01
   4.4000000000000000e+01   1.2702466762671886e+01
   4.4100000000000001e+01   1.2772073208341254e+01
   4.4200000000000003e+01   1.2845593495171496e+01
   4.4300000000000004e+01   1.2923252700045463e+01
   4.4400000000000006e+01   1.3005193556386022e+01
   4.4500000000000000e+01   1.3091442865435301e+01
   4.4600000000000001e+01   1.3181882875218317e+01
   4.4700000000000003e+01   1.3276235092401068e+01
   4.4800000000000004e+01   1.3374062477853334e+01
   4.4900000000000006e+01   1.3474791735444388e+01
   4.5000000000000000e+01   1.3577752000138986e+01
   4.5100000000000001e+01   1.3682222121885532e+01
   4.5200000000000003e+01   1.3787477637570298e+01
   4.5300000000000004e+01   1.3892830364957277e+01
   4.5400000000000006e+01   1.3997656898111444e+01
   4.5500000000000000e+01   1.4101415496083096e+01
   4.5600000000000001e+01   1.4203652985462877e+01
   4.5700000000000003e+01   1.4304004207104976e+01
   4.5800000000000004e+01   1.4402186562721678e+01
   4.5900000000000006e+01   1.4497991787154264e+01
   4.6000000000000000e+01   1.4591276509191255e+01
   4.6100000000000001e+01   1.4681952644230666e+01
   4.6200000000000003e+01   1.4769978253003172e+01
   4.6300000000000004e+01   1.4855349208478959e+01
   4.6400000000000006e+01   1.4938073985284028e+01
   4.6500000000000000e+01   1.5018191962803082e+01
   4.6600000000000001e+01   1.5095773489034469e+01
   4.6700000000000003e+01   1.5170904818556505e+01
   4.6800000000000004e+01   1.5243681786550409e+01
   4.6900000000000006e+01   1.5314206725105617e+01
   4.7000000000000000e+01   1.5382586151157158e+01
   4.7100000000000001e+01   1.5448928768306018e+01
   4.7200000000000003e+01   1.5513343814316514e+01
   4.7300000000000004e+01   1.5575939750024164e+01
   4.7400000000000006e+01   1.5636823241360871e+01
   4.7500000000000000e+01   1.5696098382566641e+01
   4.7600000000000001e+01   1.5753866117114892e+01
   4.7700000000000003e+01   1.5813327460759238e+01
   4.7800000000000004e+01   1.5870296003715715e+01
   4.7900000000000006e+01   1.5923912333094181e+01
   4.8000000000000000e+01   1.5976082790020214e+01
   4.8100000000000001e+01   1.6027320893528476e+01
   4.8200000000000003e+01   1.6077689072673440e+01
   4.8300000000000004e+01   1.6127212386950902e+01
   4.8400000000000006e+01   1.6175943117421234e+01
   4.8500000000000000e+01   1.6223941988676213e+01
   4.8600000000000001e+01   1.6271267412838359e+01
   4.8700000000000003e+01   1.6317973995905987e+01
   4.8800000000000004e+01   1.6364113131037666e+01
   4.8900000000000006e+01   1.6409733416939719e+01
   4.9000000000000000e+01   1.6454880850015279e+01
   4.9100000000000001e+01   1.6499598967089042e+01
   4.9200000000000003e+01   1.6543928993964023e+01
   4.9300000000000004e+01   1.6587909999858205e+01
   4.9400000000000006e+01   1.6631579052179571e+01
   4.9500000000000000e+01   1.6674971369425485e+01
   4.9600000000000001e+01   1.6718120471657482e+01
   4.9700000000000003e+01   1.6761058328380557e+01
   4.9800000000000004e+01   1.6803815503771890e+01
   4.9900000000000006e+01   1.6846421299332121e+01
   5.0000000000000000e+01   1.6888903894171719e+01
   5.0100000000000001e+01   1.6931290483274598e+01
   5.0200000000000003e+01   1.6973607414198547e+01
   5.0300000000000004e+01   1.7015880322781328e+01
   5.0400000000000006e+01   1.7058134268527059e+01
   5.0500000000000000e+01   1.7100393870452908e+01
   5.0600000000000001e+01   1.7142683444284621e+01
   5.0700000000000003e+01   1.7185027142004401e+01
   5.0800000000000004e+01   1.7227449094879336e+01
   5.0900000000000006e+01   1.7269973561235936e+01
   5.1000000000000000e+01   1.7312625080400551e+01
   5.1100000000000001e+01   1.7355428634399637e+01
   5.1200000000000003e+01   1.7398409819211924e+01
   5.1300000000000004e+01   1.7441595027590896e+01
   5.1400000000000006e+01   1.7485011645734140e+01
   5.1500000000000000e+01   1.7528688266370672e+01
   5.1600000000000001e+01   1.7572654921171210e+01
   5.1700000000000003e+01   1.7616943335763015e+01
   5.1800000000000004e+01   1.7661587211050538e+01
   5.1900000000000006e+01   1.7706622535004357e+01
   5.2000000000000000e+01   1.7752087929576202e+01
   5.2100000000000001e+01   1.7798025037912915e+01
   5.2200000000000003e+01   1.7844478957549057e+01
   5.2300000000000004e+01   1.7891498725710449e+01
   5.2400000000000006e+01   1.7939137863183987e+01
   5.2500000000000000e+01   1.7987454983284035e+01
   5.2600000000000001e+01   1.8036514472090392e+01
   5.2700000000000003e+01   1.8086387245072238e+01
   5.2800000000000004e+01   1.8137151583038168e+01
   5.2900000000000006e+01   1.8188894046466764e+01
   5.3000000000000000e+01   1.8241710460819071e+01
   5.3100000000000001e+01   1.8295706955210296e+01
   5.3200000000000003e+01   1.8351001021183606e+01
   5.3300000000000004e+01   1.8407722535133903e+01
   5.3400000000000006e+01   1.8466014654526219e+01
   5.3500000000000000e+01   1.8526034451500767e+01
   5.3600000000000001e+01   1.8587953085134590e+01
   5.3700000000000003e+01   1.8651955234587341e+01
   5.3800000000000004e+01   1.8718237422830871e+01
   5.3900000000000006e+01   1.8787004766220839e+01
   5.4000000000000000e+01   1.8858465614044050e+01
   5.4100000000000001e+01   1.8932823539811455e+01
   5.4200000000000003e+01   1.9010266277566245e+01
   5.4300000000000004e+01   1.9090951538997128e+01
   5.4400000000000006e+01   1.9174990253879969e+01
   5.4500000000000000e+01   1.9262428622022536e+01
   5.4600000000000001e+01   1.9353231280983941e+01
   5.4700000000000003e+01   1.9447268552374034e+01
   5.4800000000000004e+01   1.9544310734873136e+01
   5.4900000000000006e+01   1.9644031511424210e+01
   5.5000000000000000e+01   1.9746020841900009e+01
