   0.0000000000000000e+00   0.0000000000000000e+00
   1.0000000000000001e-01   0.0000000000000000e+00
   2.0000000000000001e-01  -1.7834340400591764e-01
   3.0000000000000004e-01  -4.4858672192905058e-01
   4.0000000000000002e-01  -7.0268120634174802e-01
   5.0000000000000000e-01  -9.3352758631615906e-01
   6.0000000000000009e-01  -1.1425720463964548e+00
   7.0000000000000007e-01  -1.3318072460130990e+00
   8.0000000000000004e-01  -1.5030965599149524e+00
   9.0000000000000002e-01  -1.6581321336721939e+00
   1.0000000000000000e+00  -1.7984463736871030e+00
   1.1000000000000001e+00  -1.9254266500149924e+00
   1.2000000000000002e+00  -2.0403289862527827e+00
   1.3000000000000000e+00  -2.1442904901458841e+00
   1.4000000000000001e+00  -2.2383406128924914e+00
   1.5000000000000000e+00  -2.3234113441898212e+00
   1.6000000000000001e+00  -2.4003464426679191e+00
   1.7000000000000002e+00  -2.4699097924446254e+00
   1.8000000000000000e+00  -2.5327929682001287e+00
   1.9000000000000001e+00  -2.5896220835359989e+00
   2.0000000000000000e+00  -2.6409639904148423e+00
   2.1000000000000001e+00  -2.6873318911255946e+00
   2.2000000000000002e+00  -2.7291904184402478e+00
   2.3000000000000003e+00  -2.7669602343759303e+00
   2.4000000000000004e+00  -2.8010221932090733e+00
   2.5000000000000000e+00  -2.8317211100649957e+00
   2.6000000000000001e+00  -2.8593691724881127e+00
   2.7000000000000002e+00  -2.8842490288488234e+00
   2.8000000000000003e+00  -2.9066165842295728e+00
   2.9000000000000004e+00  -2.9267035315234979e+00
   3.0000000000000000e+00  -2.9447196428461173e+00
   3.1000000000000001e+00  -2.9608548439777720e+00
   3.2000000000000002e+00  -2.9752810923982578e+00
   3.3000000000000003e+00  -2.9881540775238848e+00
   3.4000000000000004e+00  -2.9996147599915131e+00
   3.5000000000000000e+00  -3.0097907652363154e+00
   3.6000000000000001e+00  -3.0187976451640877e+00
   3.7000000000000002e+00  -3.0267400204103789e+00
   3.8000000000000003e+00  -3.0337126144944926e+00
   3.9000000000000004e+00  -3.0398011901046269e+00
   4.0000000000000000e+00  -3.0450833967803934e+00
   4.1000000000000005e+00  -3.0496295383809637e+00
   4.2000000000000002e+00  -3.0535032679324510e+00
   4.2999999999999998e+00  -3.0567622167287833e+00
   4.4000000000000004e+00  -3.0594585639092822e+00
   4.5000000000000000e+00  -3.0616395521467483e+00
   4.6000000000000005e+00  -3.0633479545464000e+00
   4.7000000000000002e+00  -3.0646224973730400e+00
   4.8000000000000007e+00  -3.0654982427866568e+00
   4.9000000000000004e+00  -3.0660069353709196e+00
   5.0000000000000000e+00  -3.0661773158807342e+00
   5.1000000000000005e+00  -3.0660354053110925e+00
   5.2000000000000002e+00  -3.0656047620934195e+00
   5.3000000000000007e+00  -3.0649067149659861e+00
   5.4000000000000004e+00  -3.0639605738175058e+00
   5.5000000000000000e+00  -3.0627838205846554e+00
   5.6000000000000005e+00  -3.0613922820975623e+00
   5.7000000000000002e+00  -3.0598002865757534e+00
   5.8000000000000007e+00  -3.0580208053230660e+00
   5.9000000000000004e+00  -3.0560655810214961e+00
   6.0000000000000000e+00  -3.0539452438916266e+00
   6.1000000000000005e+00  -3.0516694168673784e+00
   6.2000000000000002e+00  -3.0492468108242119e+00
   6.3000000000000007e+00  -3.0466853108015934e+00
   6.4000000000000004e+00  -3.0439920540715275e+00
   6.5000000000000000e+00  -3.0411735008243697e+00
   6.6000000000000005e+00  -3.0382354981701769e+00
   6.7000000000000002e+00  -3.0351833380877689e+00
   6.8000000000000007e+00  -3.0320218098939189e+00
   6.9000000000000004e+00  -3.0287552477508846e+00
   7.0000000000000000e+00  -3.0253875736815150e+00
   7.1000000000000005e+00  -3.0219223365167593e+00
   7.2000000000000002e+00  -3.0183627471602286e+00
   7.3000000000000007e+00  -3.0147117105180721e+00
   7.4000000000000004e+00  -3.0109718544094912e+00
   7.5000000000000000e+00  -3.0071455557434037e+00
   7.6000000000000005e+00  -3.0032349642197325e+00
   7.7000000000000002e+00  -2.9992420237893942e+00
   7.8000000000000007e+00  -2.9951684920848844e+00
   7.9000000000000004e+00  -2.9910159580133366e+00
   8.0000000000000000e+00  -2.9867858576857884e+00
   8.0999999999999996e+00  -2.9824794888399420e+00
   8.2000000000000011e+00  -2.9780980238988510e+00
   8.3000000000000007e+00  -2.9736425217944888e+00
   8.4000000000000004e+00  -2.9691139386729510e+00
   8.5000000000000000e+00  -2.9645131375870135e+00
   8.5999999999999996e+00  -2.9598408972717789e+00
   8.7000000000000011e+00  -2.9550979200900733e+00
   8.8000000000000007e+00  -2.9502848392260645e+00
   8.9000000000000004e+00  -2.9454022251981700e+00
   9.0000000000000000e+00  -2.9404505917555857e+00
   9.0999999999999996e+00  -2.9354304012166863e+00
   9.2000000000000011e+00  -2.9303420693020468e+00
   9.3000000000000007e+00  -2.9251859695098430e+00
   9.4000000000000004e+00  -2.9199624370768689e+00
   9.5000000000000000e+00  -2.9146717725643341e+00
   9.6000000000000014e+00  -2.9093142451038863e+00
   9.7000000000000011e+00  -2.9038900953359570e+00
   9.8000000000000007e+00  -2.8983995380695009e+00
   9.9000000000000004e+00  -2.8928427646894370e+00
   1.0000000000000000e+01  -2.8872199453356324e+00
   1.0100000000000001e+01  -2.8815312308749825e+00
   1.0200000000000001e+01  -2.8757767546861470e+00
   1.0300000000000001e+01  -2.8699566342746041e+00
   1.0400000000000000e+01  -2.8640709727340563e+00
   1.0500000000000000e+01  -2.8581198600686708e+00
   1.0600000000000001e+01  -2.8521033743892983e+00
   1.0700000000000001e+01  -2.8460215829955393e+00
   1.0800000000000001e+01  -2.8398745433544370e+00
   1.0900000000000000e+01  -2.8336623039855242e+00
   1.1000000000000000e+01  -2.8273849052610545e+00
   1.1100000000000001e+01  -2.8210423801294020e+00
   1.1200000000000001e+01  -2.8146347547688508e+00
   1.1300000000000001e+01  -2.8081620491783399e+00
   1.1400000000000000e+01  -2.8016242777110678e+00
   1.1500000000000000e+01  -2.7950214495563306e+00
   1.1600000000000001e+01  -2.7883535691744470e+00
   1.1700000000000001e+01  -2.7816206366891674e+00
   1.1800000000000001e+01  -2.7748226482415475e+00
   1.1900000000000000e+01  -2.7679595963088746e+00
   1.2000000000000000e+01  -2.7610314699919223e+00
   1.2100000000000001e+01  -2.7540382552734668e+00
   1.2200000000000001e+01  -2.7469799352507493e+00
   1.2300000000000001e+01  -2.7398564903442826e+00
   1.2400000000000000e+01  -2.7326678984851962e+00
   1.2500000000000000e+01  -2.7254141352830952e+00
   1.2600000000000001e+01  -2.7180951741762147e+00
   1.2700000000000001e+01  -2.7107109865654913e+00
   1.2800000000000001e+01  -2.7032615419340091e+00
   1.2900000000000000e+01  -2.6957468079531446e+00
   1.3000000000000000e+01  -2.6881667505765949e+00
   1.3100000000000001e+01  -2.6805213341233829e+00
   1.3200000000000001e+01  -2.6728105213507951e+00
   1.3300000000000001e+01  -2.6650342735181449e+00
   1.3400000000000000e+01  -2.6571925504421450e+00
   1.3500000000000000e+01  -2.6492853105446108e+00
   1.3600000000000001e+01  -2.6413125108931346e+00
   1.3700000000000001e+01  -2.6332741072353114e+00
   1.3800000000000001e+01  -2.6251700540270413e+00
   1.3900000000000000e+01  -2.6170003044553725e+00
   1.4000000000000000e+01  -2.6087648104563090e+00
   1.4100000000000001e+01  -2.6004635227279649e+00
   1.4200000000000001e+01  -2.5920963907393935e+00
   1.4300000000000001e+01  -2.5836633627353995e+00
   1.4400000000000000e+01  -2.5751643857376072e+00
   1.4500000000000000e+01  -2.5665994055420080e+00
   1.4600000000000001e+01  -2.5579683667132200e+00
   1.4700000000000001e+01  -2.5492712125756265e+00
   1.4800000000000001e+01  -2.5405078852015719e+00
   1.4900000000000000e+01  -2.5316783253967539e+00
   1.5000000000000000e+01  -2.5227824726829220e+00
   1.5100000000000001e+01  -2.5138202652780146e+00
   1.5200000000000001e+01  -2.5047916400738024e+00
   1.5300000000000001e+01  -2.4956965326111189e+00
   1.5400000000000000e+01  -2.4865348770527449e+00
   1.5500000000000000e+01  -2.4773066061539839e+00
   1.5600000000000001e+01  -2.4680116512309764e+00
   1.5700000000000001e+01  -2.4586499421267662e+00
   1.5800000000000001e+01  -2.4492214071751377e+00
   1.5900000000000000e+01  -2.4397259731622301e+00
   1.6000000000000000e+01  -2.4301635652859161e+00
   1.6100000000000001e+01  -2.4205341071129349e+00
   1.6199999999999999e+01  -2.4108375205337556e+00
   1.6300000000000001e+01  -2.4010737257151362e+00
   1.6400000000000002e+01  -2.3912426410503365e+00
   1.6500000000000000e+01  -2.3813441831069455e+00
   1.6600000000000001e+01  -2.3713782665722540e+00
   1.6699999999999999e+01  -2.3613448041961127e+00
   1.6800000000000001e+01  -2.3512437067312106e+00
   1.6900000000000002e+01  -2.3410748828706898e+00
   1.7000000000000000e+01  -2.3308382391829978e+00
   1.7100000000000001e+01  -2.3205336800438996e+00
   1.7199999999999999e+01  -2.3101611075655368e+00
   1.7300000000000001e+01  -2.2997204215224212e+00
   1.7400000000000002e+01  -2.2892115192742399e+00
   1.7500000000000000e+01  -2.2786342956853529e+00
   1.7600000000000001e+01  -2.2679886430408316e+00
   1.7699999999999999e+01  -2.2572744509589024e+00
   1.7800000000000001e+01  -2.2464916062996254e+00
   1.7900000000000002e+01  -2.2356399930696504e+00
   1.8000000000000000e+01  -2.2247194923228668e+00
   1.8100000000000001e+01  -2.2137299820567522e+00
   1.8199999999999999e+01  -2.2026713371042339e+00
   1.8300000000000001e+01  -2.1915434290208231e+00
   1.8400000000000002e+01  -2.1803461259668149e+00
   1.8500000000000000e+01  -2.1690792925843048e+00
   1.8600000000000001e+01  -2.1577427898687578e+00
   1.8699999999999999e+01  -2.1463364750348672e+00
   1.8800000000000001e+01  -2.1348602013764046e+00
   1.8900000000000002e+01  -2.1233138181197591e+00
   1.9000000000000000e+01  -2.1116971702708303e+00
   1.9100000000000001e+01  -2.1000100984549368e+00
   1.9200000000000003e+01  -2.0882524387493655e+00
   1.9300000000000001e+01  -2.0764240225081645e+00
   1.9400000000000002e+01  -2.0645246761787690e+00
   1.9500000000000000e+01  -2.0525542211100212e+00
   1.9600000000000001e+01  -2.0405124733510891e+00
   1.9700000000000003e+01  -2.0283992434408065e+00
   1.9800000000000001e+01  -2.0162143361868852e+00
   1.9900000000000002e+01  -2.0039575504344245e+00
   2.0000000000000000e+01  -1.9916286788231308e+00
   2.0100000000000001e+01  -1.9792275075325667e+00
   2.0200000000000003e+01  -1.9667538160147662e+00
   2.0300000000000001e+01  -1.9542073767134611e+00
   2.0400000000000002e+01  -1.9415879547691379e+00
   2.0500000000000000e+01  -1.9288953077090747e+00
   2.0600000000000001e+01  -1.9161291851214679e+00
   2.0700000000000003e+01  -1.9032893283126739e+00
   2.0800000000000001e+01  -1.8903754699465423e+00
   2.0900000000000002e+01  -1.8773873336647326e+00
   2.1000000000000000e+01  -1.8643246336868360e+00
   2.1100000000000001e+01  -1.8511870743890257e+00
   2.1200000000000003e+01  -1.8379743498598848e+00
   2.1300000000000001e+01  -1.8246861434319421e+00
   2.1400000000000002e+01  -1.8113221271873563e+00
   2.1500000000000000e+01  -1.7978819614360542e+00
   2.1600000000000001e+01  -1.7843652941645172e+00
   2.1700000000000003e+01  -1.7707717604532567e+00
   2.1800000000000001e+01  -1.7571009818608847e+00
   2.1900000000000002e+01  -1.7433525657725106e+00
   2.2000000000000000e+01  -1.7295261047100223e+00
   2.2100000000000001e+01  -1.7156211756016131e+00
   2.2200000000000003e+01  -1.7016373390077137e+00
   2.2300000000000001e+01  -1.6875741383002438e+00
   2.2400000000000002e+01  -1.6734310987918599e+00
   2.2500000000000000e+01  -1.6592077268115935e+00
   2.2600000000000001e+01  -1.6449035087229744e+00
   2.2700000000000003e+01  -1.6305179098804055e+00
   2.2800000000000001e+01  -1.6160503735191949e+00
   2.2900000000000002e+01  -1.6015003195742552e+00
   2.3000000000000000e+01  -1.5868671434220420e+00
   2.3100000000000001e+01  -1.5721502145398287e+00
   2.3200000000000003e+01  -1.5573488750758915e+00
   2.3300000000000001e+01  -1.5424624383235912e+00
   2.3400000000000002e+01  -1.5274901870917077e+00
   2.3500000000000000e+01  -1.5124313719626716e+00
   2.3600000000000001e+01  -1.4972852094295659e+00
   2.3700000000000003e+01  -1.4820508799018992e+00
   2.3800000000000001e+01  -1.4667275255692058e+00
   2.3900000000000002e+01  -1.4513142481104631e+00
   2.4000000000000000e+01  -1.4358101062361464e+00
   2.4100000000000001e+01  -1.4202141130484327e+00
   2.4200000000000003e+01  -1.4045252332036056e+00
   2.4300000000000001e+01  -1.3887423798591050e+00
   2.4400000000000002e+01  -1.3728644113858428e+00
   2.4500000000000000e+01  -1.3568901278244014e+00
   2.4600000000000001e+01  -1.3408182670614470e+00
   2.4700000000000003e+01  -1.3246475007001841e+00
   2.4800000000000001e+01  -1.3083764295958105e+00
   2.4900000000000002e+01  -1.2920035790237510e+00
   2.5000000000000000e+01  -1.2755273934448401e+00
   2.5100000000000001e+01  -1.2589462308275792e+00
   2.5200000000000003e+01  -1.2422583564830065e+00
   2.5300000000000001e+01  -1.2254619363625399e+00
   2.5400000000000002e+01  -1.2085550297632877e+00
   2.5500000000000000e+01  -1.1915355813786574e+00
   2.5600000000000001e+01  -1.1744014126245295e+00
   2.5700000000000003e+01  -1.1571502121626172e+00
   2.5800000000000001e+01  -1.1397795255328240e+00
   2.5900000000000002e+01  -1.1222867437951169e+00
   2.6000000000000000e+01  -1.1046690910685657e+00
   2.6100000000000001e+01  -1.0869236108403906e+00
   2.6200000000000003e+01  -1.0690471509008161e+00
   2.6300000000000001e+01  -1.0510363467399135e+00
   2.6400000000000002e+01  -1.0328876032199104e+00
   2.6500000000000000e+01  -1.0145970743101844e+00
   2.6600000000000001e+01  -9.9616064064164112e-01
   2.6700000000000003e+01  -9.7757388460170180e-01
   2.6800000000000001e+01  -9.5883206264970555e-01
   2.6900000000000002e+01  -9.3993007448412236e-01
   2.7000000000000000e+01  -9.2086242863618450e-01
   2.7100000000000001e+01  -9.0162320399779206e-01
   2.7200000000000003e+01  -8.8220600671283700e-01
   2.7300000000000001e+01  -8.6260392176802669e-01
   2.7400000000000002e+01  -8.4280945850892874e-01
   2.7500000000000000e+01  -8.2281448917569988e-01
   2.7600000000000001e+01  -8.0261017939635437e-01
   2.7700000000000003e+01  -7.8218690938800406e-01
   2.7800000000000001e+01  -7.6153418439145482e-01
   2.7900000000000002e+01  -7.4064053259344398e-01
   2.8000000000000000e+01  -7.1949338846313704e-01
   2.8100000000000001e+01  -6.9807895903209194e-01
   2.8200000000000003e+01  -6.7638207016328133e-01
   2.8300000000000001e+01  -6.5438598926416580e-01
   2.8400000000000002e+01  -6.3207222017510700e-01
   2.8500000000000000e+01  -6.0942026507454872e-01
   2.8600000000000001e+01  -5.8640734714459752e-01
   2.8700000000000003e+01  -5.6300808638197919e-01
   2.8800000000000001e+01  -5.3919411925284155e-01
   2.8900000000000002e+01  -5.1493365079087272e-01
   2.9000000000000000e+01  -4.9019092512099866e-01
   2.9100000000000001e+01  -4.6492559711377868e-01
   2.9200000000000003e+01  -4.3909198381134212e-01
   2.9300000000000001e+01  -4.1263816911734774e-01
   2.9400000000000002e+01  -3.8550492894243377e-01
   2.9500000000000000e+01  -3.5762443609139954e-01
   2.9600000000000001e+01  -3.2891869456569944e-01
   2.9700000000000003e+01  -2.9929764136610604e-01
   2.9800000000000001e+01  -2.6865684037045773e-01
   2.9900000000000002e+01  -2.3687467794951786e-01
   3.0000000000000000e+01  -2.0380895524471127e-01
   3.0100000000000001e+01  -1.6929276112670832e-01
   3.0200000000000003e+01  -1.3312951043521479e-01
   3.0300000000000001e+01  -9.5087059190215761e-02
   3.0400000000000002e+01  -5.4890890200943482e-02
   3.0500000000000000e+01  -1.2216549191164279e-02
   3.0600000000000001e+01   3.3318111993321346e-02
   3.0700000000000003e+01   8.2159632073037100e-02
   3.0800000000000001e+01   1.3482213947527039e-01
   3.0900000000000002e+01   1.9188281540065619e-01
   3.1000000000000000e+01   2.5396311305777114e-01
   3.1100000000000001e+01   3.2168743024059226e-01
   3.1200000000000003e+01   3.9561199288797227e-01
   3.1300000000000001e+01   4.7612426691945336e-01
   3.1400000000000002e+01   5.6332919785891133e-01
   3.1500000000000000e+01   6.5695719815144793e-01
   3.1600000000000001e+01   7.5633464706475628e-01
   3.1700000000000003e+01   8.6043805182107547e-01
   3.1800000000000001e+01   9.6801639042602339e-01
   3.1900000000000002e+01   1.0777388976815951e+00
   3.2000000000000000e+01   1.1883250412075406e+00
   3.2100000000000001e+01   1.2986328573286450e+00
   3.2200000000000003e+01   1.4077032181363829e+00
   3.2300000000000004e+01   1.5147699654326490e+00
   3.2399999999999999e+01   1.6192487869533330e+00
   3.2500000000000000e+01   1.7207155034531814e+00
   3.2600000000000001e+01   1.8188808640017651e+00
   3.2700000000000003e+01   1.9135658734677983e+00
   3.2800000000000004e+01   2.0046795803209720e+00
   3.2899999999999999e+01   2.0922000098486393e+00
   3.3000000000000000e+01   2.1761582696842927e+00
   3.3100000000000001e+01   2.2566255491105700e+00
   3.3200000000000003e+01   2.3337026226407902e+00
   3.3300000000000004e+01   2.4075114560097424e+00
   3.3399999999999999e+01   2.4781707112820168e+00
   3.3500000000000000e+01   2.5458169773122985e+00
   3.3600000000000001e+01   2.6106028272093069e+00
   3.3700000000000003e+01   2.6726835383799434e+00
   3.3800000000000004e+01   2.7322137886223343e+00
   3.3899999999999999e+01   2.7893457427876411e+00
   3.4000000000000000e+01   2.8442276793800261e+00
   3.4100000000000001e+01   2.8970029978203886e+00
   3.4200000000000003e+01   2.9478095236879445e+00
   3.4300000000000004e+01   2.9967790493029258e+00
   3.4399999999999999e+01   3.0440370595490571e+00
   3.4500000000000000e+01   3.0897026026171872e+00
   3.4600000000000001e+01   3.1338882732090045e+00
   3.4700000000000003e+01   3.1767002820777890e+00
   3.4800000000000004e+01   3.2182385909039426e+00
   3.4899999999999999e+01   3.2585970956460697e+00
   3.5000000000000000e+01   3.2978638448644739e+00
   3.5100000000000001e+01   3.3361212822353363e+00
   3.5200000000000003e+01   3.3734465046822781e+00
   3.5300000000000004e+01   3.4099115293449365e+00
   3.5399999999999999e+01   3.4455835640598558e+00
   3.5500000000000000e+01   3.4805252772103996e+00
   3.5600000000000001e+01   3.5147950637604040e+00
   3.5700000000000003e+01   3.5484473050620329e+00
   3.5800000000000004e+01   3.5815326206552220e+00
   3.5899999999999999e+01   3.6140981107813768e+00
   3.6000000000000000e+01   3.6461875887395530e+00
   3.6100000000000001e+01   3.6778418025380093e+00
   3.6200000000000003e+01   3.7090986455513528e+00
   3.6300000000000004e+01   3.7399933560971257e+00
   3.6399999999999999e+01   3.7705587060044019e+00
   3.6500000000000000e+01   3.8008251783696245e+00
   3.6600000000000001e+01   3.8308211347880428e+00
   3.6700000000000003e+01   3.8605729724183417e+00
   3.6800000000000004e+01   3.8901052712879092e+00
   3.6899999999999999e+01   3.9194409322805246e+00
   3.7000000000000000e+01   3.9486013062700871e+00
   3.7100000000000001e+01   3.9776063148760024e+00
   3.7200000000000003e+01   4.0064745633200420e+00
   3.7300000000000004e+01   4.0352234458626732e+00
   3.7399999999999999e+01   4.0638692442904256e+00
   3.7500000000000000e+01   4.0924272199160363e+00
   3.7600000000000001e+01   4.1209116995407777e+00
   3.7700000000000003e+01   4.1493361558144422e+00
   3.7800000000000004e+01   4.1777132824134764e+00
   3.7899999999999999e+01   4.2060550644422783e+00
   3.8000000000000000e+01   4.2343728444472246e+00
   3.8100000000000001e+01   4.2626773844177990e+00
   3.8200000000000003e+01   4.2909789241346985e+00
   3.8300000000000004e+01   4.3192872362111379e+00
   3.8400000000000006e+01   4.3476116781610408e+00
   3.8500000000000000e+01   4.3759612418165972e+00
   3.8600000000000001e+01   4.4043446004078959e+00
   3.8700000000000003e+01   4.4327701536092388e+00
   3.8800000000000004e+01   4.4612460708504473e+00
   3.8900000000000006e+01   4.4897803331871557e+00
   3.9000000000000000e+01   4.5183807740218871e+00
   3.9100000000000001e+01   4.5470551189679522e+00
   3.9200000000000003e+01   4.5758110251509283e+00
   3.9300000000000004e+01   4.6046561202481451e+00
   3.9400000000000006e+01   4.6335980415753202e+00
   3.9500000000000000e+01   4.6626444755418168e+00
   3.9600000000000001e+01   4.6918031978120975e+00
   3.9700000000000003e+01   4.7210821145316437e+00
   3.9800000000000004e+01   4.7504893050011692e+00
   3.9900000000000006e+01   4.7800330662142994e+00
   4.0000000000000000e+01   4.8097219597117649e+00
   4.0100000000000001e+01   4.8395648612505369e+00
   4.0200000000000003e+01   4.8695710138404635e+00
   4.0300000000000004e+01   4.8997500847651940e+00
   4.0400000000000006e+01   4.9301122272801639e+00
   4.0500000000000000e+01   4.9606681477702699e+00
   4.0600000000000001e+01   4.9914291792557268e+00
   4.0700000000000003e+01   5.0224073622595924e+00
   4.0800000000000004e+01   5.0536155341976343e+00
   4.0900000000000006e+01   5.0850674286248205e+00
   4.1000000000000000e+01   5.1167777858772894e+00
   4.1100000000000001e+01   5.1487624768899840e+00
   4.1200000000000003e+01   5.1810386422545891e+00
   4.1300000000000004e+01   5.2136248489179078e+00
   4.1400000000000006e+01   5.2465412673162213e+00
   4.1500000000000000e+01   5.2798098722067861e+00
   4.1600000000000001e+01   5.3134546710050836e+00
   4.1700000000000003e+01   5.3475019640784973e+00
   4.1800000000000004e+01   5.3819806421972833e+00
   4.1900000000000006e+01   5.4169225272152657e+00
   4.2000000000000000e+01   5.4523627630571729e+00
   4.2100000000000001e+01   5.4883402652333952e+00
   4.2200000000000003e+01   5.5248982383831606e+00
   4.2300000000000004e+01   5.5620847727422031e+00
   4.2400000000000006e+01   5.5999535318884606e+00
   4.2500000000000000e+01   5.6385645455337059e+00
   4.2600000000000001e+01   5.6779851223086801e+00
   4.2700000000000003e+01   5.7182908981043736e+00
   4.2800000000000004e+01   5.7595670350336698e+00
   4.2900000000000006e+01   5.8019095835781629e+00
   4.3000000000000000e+01   5.8454270145799772e+00
   4.3100000000000001e+01   5.8902419162560520e+00
   4.3200000000000003e+01   5.9364928310738589e+00
   4.3300000000000004e+01   5.9843361733747527e+00
   4.3400000000000006e+01   6.0339481142572131e+00
   4.3500000000000000e+01   6.0855262370295691e+00
   4.3600000000000001e+01   6.1392906439021333e+00
   4.3700000000000003e+01   6.1954840242934033e+00
   4.3800000000000004e+01   6.2543699754581574e+00
   4.3900000000000006e+01   6.3162286164042545e+00
   4.4000000000000000e+01   6.3813483160590128e+00
   4.4100000000000001e+01   6.4500122924038843e+00
   4.4200000000000003e+01   6.5224791362140468e+00
   4.4300000000000004e+01   6.5989572191607690e+00
   4.4400000000000006e+01   6.6795746147545572e+00
   4.4500000000000000e+01   6.7643484048597653e+00
   4.4600000000000001e+01   6.8531593161269253e+00
   4.4700000000000003e+01   6.9457383265157500e+00
   4.4800000000000004e+01   7.0416702005534990e+00
   4.4900000000000006e+01   7.1404149590980293e+00
   4.5000000000000000e+01   7.2413435862053293e+00
   4.5100000000000001e+01   7.3437809223260224e+00
   4.5200000000000003e+01   7.4470479846629205e+00
   4.5300000000000004e+01   7.5504976755264268e+00
   4.5400000000000006e+01   7.6535407198572925e+00
   4.5500000000000000e+01   7.7556613830035506e+00
   4.5600000000000001e+01   7.8564243199521266e+00
   4.5700000000000003e+01   7.9554747027305135e+00
   4.5800000000000004e+01   8.0525338314883967e+00
   4.5900000000000006e+01   8.1473920993227580e+00
   4.6000000000000000e+01   8.2399007150781181e+00
   4.6100000000000001e+01   8.3299631437668857e+00
   4.6200000000000003e+01   8.4175268645429551e+00
   4.6300000000000004e+01   8.5025757829921123e+00
   4.6400000000000006e+01   8.5851056218400856e+00
   4.6500000000000000e+01   8.6651444808865143e+00
   4.6600000000000001e+01   8.7427499133781605e+00
   4.6700000000000003e+01   8.8179945161595814e+00
   4.6800000000000004e+01   8.8909614505647578e+00
   4.6900000000000006e+01   8.9617413725706179e+00
   4.7000000000000000e+01   9.0304299593881439e+00
   4.7100000000000001e+01   9.0971258937886876e+00
   4.7200000000000003e+01   9.1619292328999737e+00
   4.7300000000000004e+01   9.2249401012018275e+00
   4.7400000000000006e+01   9.2862576556643450e+00
   4.7500000000000000e+01   9.3459792782328837e+00
   4.7600000000000001e+01   9.4041999573770827e+00
   4.7700000000000003e+01   9.4610118261706013e+00
   4.7800000000000004e+01   9.5165038293771893e+00
   4.7900000000000006e+01   9.5707614963411398e+00
   4.8000000000000000e+01   9.6238668001844161e+00
   4.8100000000000001e+01   9.6758980869719000e+00
   4.8200000000000003e+01   9.7269300611921530e+00
   4.8300000000000004e+01   9.7770338161615236e+00
   4.8400000000000006e+01   9.8262768999309316e+00
   4.8500000000000000e+01   9.8747234088057976e+00
   4.8600000000000001e+01   9.9224341020706426e+00
   4.8700000000000003e+01   9.9694665325792560e+00
   4.8800000000000004e+01   1.0015875188881669e+01
   4.8900000000000006e+01   1.0061711645366879e+01
   4.9000000000000000e+01   1.0107024717588342e+01
   4.9100000000000001e+01   1.0151860620517253e+01
   4.9200000000000003e+01   1.0196263127954770e+01
   4.9300000000000004e+01   1.0240273731743233e+01
   4.9400000000000006e+01   1.0283931799760925e+01
   4.9500000000000000e+01   1.0327274731975722e+01
   4.9600000000000001e+01   1.0370338114079118e+01
   4.9700000000000003e+01   1.0413155868431650e+01
   4.9800000000000004e+01   1.0455760402230251e+01
   4.9900000000000006e+01   1.0498182752963498e+01
   5.0000000000000000e+01   1.0540452731357167e+01
   5.0100000000000001e+01   1.0582599062134403e+01
   5.0200000000000003e+01   1.0624649523026209e+01
   5.0300000000000004e+01   1.0666631082572527e+01
   5.0400000000000006e+01   1.0708570037355212e+01
   5.0500000000000000e+01   1.0750492149404838e+01
   5.0600000000000001e+01   1.0792422784626611e+01
   5.0700000000000003e+01   1.0834387053199725e+01
   5.0800000000000004e+01   1.0876409953022076e+01
   5.0900000000000006e+01   1.0918516517401665e+01
   5.1000000000000000e+01   1.0960731968340262e+01
   5.1100000000000001e+01   1.1003081876917330e+01
   5.1200000000000003e+01   1.1045592332466203e+01
   5.1300000000000004e+01   1.1088290122443611e+01
   5.1400000000000006e+01   1.1131202925131369e+01
   5.1500000000000000e+01   1.1174359517578676e+01
   5.1600000000000001e+01   1.1217790001497946e+01
   5.1700000000000003e+01   1.1261526050168085e+01
   5.1800000000000004e+01   1.1305601179777021e+01
   5.1900000000000006e+01   1.1350051049046741e+01
   5.2000000000000000e+01   1.1394913791421656e+01
   5.2100000000000001e+01   1.1440230384549130e+01
   5.2200000000000003e+01   1.1486045062212051e+01
   5.2300000000000004e+01   1.1532405774242338e+01
   5.2400000000000006e+01   1.1579364700178797e+01
   5.2500000000000000e+01   1.1626978822420751e+01
   5.2600000000000001e+01   1.1675310564199927e+01
   5.2700000000000003e+01   1.1724428496592305e+01
   5.2800000000000004e+01   1.1774408116644576e+01
   5.2900000000000006e+01   1.1825332694953930e+01
   5.3000000000000000e+01   1.1877294184944978e+01
   5.3100000000000001e+01   1.1930394176562734e+01
   5.3200000000000003e+01   1.1984744862702520e+01
   5.3300000000000004e+01   1.2040469965558476e+01
   5.3400000000000006e+01   1.2097705539927579e+01
   5.3500000000000000e+01   1.2156600528897963e+01
   5.3600000000000001e+01   1.2217316892187810e+01
   5.3700000000000003e+01   1.2280029058147106e+01
   5.3800000000000004e+01   1.2344922370268558e+01
   5.3900000000000006e+01   1.2412190118305913e+01
   5.4000000000000000e+01   1.2482028684884479e+01
   5.4100000000000001e+01   1.2554630338913292e+01
   5.4200000000000003e+01   1.2630173322925719e+01
   5.4300000000000004e+01   1.2708809175052741e+01
   5.4400000000000006e+01   1.2790647742784511e+01
   5.4500000000000000e+01   1.2875741063233921e+01
   5.4600000000000001e+01   1.2964068066731606e+01
   5.4700000000000003e+01   1.3055522639903828e+01
   5.4800000000000004e+01   1.3149907634799746e+01
   5.4900000000000006e+01   1.3246936712869712e+01
   5.5000000000000000e+01   1.3346244533119984e+01
