   0.0000000000000000e+00   0.0000000000000000e+00
   1.0000000000000001e-01   0.0000000000000000e+00
   2.0000000000000001e-01   0.0000000000000000e+00
   3.0000000000000004e-01   3.2002005103421144e-01
   4.0000000000000002e-01   3.2002005103421144e-01
   5.0000000000000000e-01   7.4330236947918082e-01
   6.0000000000000009e-01   7.4330236947918082e-01
   7.0000000000000007e-01   1.2247307976164197e+00
   8.0000000000000004e-01   1.2247307976164197e+00
   9.0000000000000002e-01   1.6144555186539422e+00
   1.0000000000000000e+00   1.6144555186539422e+00
   1.1000000000000001e+00   1.9247586010993463e+00
   1.2000000000000002e+00   2.0575302492662679e+00
   1.3000000000000000e+00   2.1707295034009269e+00
   1.4000000000000001e+00   2.2701320999624186e+00
   1.5000000000000000e+00   2.3594378236435434e+00
   1.6000000000000001e+00   2.4399648112019912e+00
   1.7000000000000002e+00   2.5124873601376203e+00
   1.8000000000000000e+00   2.5777511036583278e+00
   1.9000000000000001e+00   2.6364794359008354e+00
   2.0000000000000000e+00   2.6893359562434234e+00
   2.1000000000000001e+00   2.7369179771684577e+00
   2.2000000000000002e+00   2.7797625437881002e+00
   2.3000000000000003e+00   2.8183531203301802e+00
   2.4000000000000004e+00   2.8531250360717246e+00
   2.5000000000000000e+00   2.8844701603635881e+00
   2.6000000000000001e+00   2.9127411289292362e+00
   2.7000000000000002e+00   2.9382551981105252e+00
   2.8000000000000003e+00   2.9612977451880669e+00
   2.9000000000000004e+00   2.9821254359067617e+00
   3.0000000000000000e+00   3.0009690863782699e+00
   3.1000000000000001e+00   3.0180362464023438e+00
   3.2000000000000002e+00   3.0335135293818101e+00
   3.3000000000000003e+00   3.0475687126601820e+00
   3.4000000000000004e+00   3.0603526296722032e+00
   3.5000000000000000e+00   3.0720008739413625e+00
   3.6000000000000001e+00   3.0826353332528695e+00
   3.7000000000000002e+00   3.0923655702010810e+00
   3.8000000000000003e+00   3.1012900646107306e+00
   3.9000000000000004e+00   3.1094973312768768e+00
   4.0000000000000000e+00   3.1170669253495040e+00
   4.1000000000000005e+00   3.1240703466333968e+00
   4.2000000000000002e+00   3.1305718529414261e+00
   4.2999999999999998e+00   3.1366291914327422e+00
   4.4000000000000004e+00   3.1366291914327422e+00
   4.5000000000000000e+00  -3.1354576508492955e+00
   4.6000000000000005e+00  -3.1301274494570452e+00
   4.7000000000000002e+00  -3.1252908121283571e+00
   4.8000000000000007e+00  -3.1207601124156525e+00
   4.9000000000000004e+00  -3.1164089591483499e+00
   5.0000000000000000e+00  -3.1121989119276967e+00
   5.1000000000000005e+00  -3.1081122550220246e+00
   5.2000000000000002e+00  -3.1041317847589234e+00
   5.3000000000000007e+00  -3.1002402146593750e+00
   5.4000000000000004e+00  -3.0964215951741521e+00
   5.5000000000000000e+00  -3.0926616382672782e+00
   5.6000000000000005e+00  -3.0889475636459487e+00
   5.7000000000000002e+00  -3.0852679104244820e+00
   5.8000000000000007e+00  -3.0816123913574729e+00
   5.9000000000000004e+00  -3.0779717729637444e+00
   6.0000000000000000e+00  -3.0743377691762386e+00
   6.1000000000000005e+00  -3.0707029451217616e+00
   6.2000000000000002e+00  -3.0670606303898142e+00
   6.3000000000000007e+00  -3.0634048411362294e+00
   6.4000000000000004e+00  -3.0597302099951760e+00
   6.5000000000000000e+00  -3.0560319231622541e+00
   6.6000000000000005e+00  -3.0523056638718811e+00
   6.7000000000000002e+00  -3.0485475615904813e+00
   6.8000000000000007e+00  -3.0447541463571537e+00
   6.9000000000000004e+00  -3.0409223077775480e+00
   7.0000000000000000e+00  -3.0370492581911051e+00
   7.1000000000000005e+00  -3.0331324995432287e+00
   7.2000000000000002e+00  -3.0291697936744360e+00
   7.3000000000000007e+00  -3.0251591355808478e+00
   7.4000000000000004e+00  -3.0210987294259461e+00
   7.5000000000000000e+00  -3.0169869669924050e+00
   7.6000000000000005e+00  -3.0128224082958019e+00
   7.7000000000000002e+00  -3.0086037642342545e+00
   7.8000000000000007e+00  -3.0043298809301602e+00
   7.9000000000000004e+00  -2.9999997257322528e+00
   8.0000000000000000e+00  -2.9956123746120151e+00
   8.0999999999999996e+00  -2.9911670008571059e+00
   8.2000000000000011e+00  -2.9866628649174407e+00
   8.3000000000000007e+00  -2.9820993053016931e+00
   8.4000000000000004e+00  -2.9774757303739574e+00
   8.5000000000000000e+00  -2.9727916110420982e+00
   8.5999999999999996e+00  -2.9680464741260586e+00
   8.7000000000000011e+00  -2.9632398964799265e+00
   8.8000000000000007e+00  -2.9583714996688726e+00
   8.9000000000000004e+00  -2.9534409452075363e+00
   9.0000000000000000e+00  -2.9484479302873545e+00
   9.0999999999999996e+00  -2.9433921839505701e+00
   9.2000000000000011e+00  -2.9382734636551295e+00
   9.3000000000000007e+00  -2.9330915521864962e+00
   9.4000000000000004e+00  -2.9278462548995505e+00
   9.5000000000000000e+00  -2.9225373972411077e+00
   9.6000000000000014e+00  -2.9171648225339846e+00
   9.7000000000000011e+00  -2.9117283899807047e+00
   9.8000000000000007e+00  -2.9062279728871472e+00
   9.9000000000000004e+00  -2.9006634570629877e+00
   1.0000000000000000e+01  -2.8950347393951414e+00
   1.0100000000000001e+01  -2.8893417265623116e+00
   1.0200000000000001e+01  -2.8835843338926535e+00
   1.0300000000000001e+01  -2.8777624843370146e+00
   1.0400000000000000e+01  -2.8718761075479371e+00
   1.0500000000000000e+01  -2.8659251390586791e+00
   1.0600000000000001e+01  -2.8599095195506909e+00
   1.0700000000000001e+01  -2.8538291941931111e+00
   1.0800000000000001e+01  -2.8476841120575527e+00
   1.0900000000000000e+01  -2.8414742255884500e+00
   1.1000000000000000e+01  -2.8351994901354485e+00
   1.1100000000000001e+01  -2.8288598635340541e+00
   1.1200000000000001e+01  -2.8224553057302364e+00
   1.1300000000000001e+01  -2.8159857784424549e+00
   1.1400000000000000e+01  -2.8094512448650533e+00
   1.1500000000000000e+01  -2.8028516693982453e+00
   1.1600000000000001e+01  -2.7961870174103178e+00
   1.1700000000000001e+01  -2.7894572550226933e+00
   1.1800000000000001e+01  -2.7826623489198963e+00
   1.1900000000000000e+01  -2.7758022661781441e+00
   1.2000000000000000e+01  -2.7688769741127088e+00
   1.2100000000000001e+01  -2.7618864401413021e+00
   1.2200000000000001e+01  -2.7548306316606439e+00
   1.2300000000000001e+01  -2.7477095159388805e+00
   1.2400000000000000e+01  -2.7405230600136310e+00
   1.2500000000000000e+01  -2.7332712306065048e+00
   1.2600000000000001e+01  -2.7259539940421926e+00
   1.2700000000000001e+01  -2.7185713161760630e+00
   1.2800000000000001e+01  -2.7111231623287888e+00
   1.2900000000000000e+01  -2.7036094972289124e+00
   1.3000000000000000e+01  -2.6960302849578306e+00
   1.3100000000000001e+01  -2.6883854888995735e+00
   1.3200000000000001e+01  -2.6806750716963541e+00
   1.3300000000000001e+01  -2.6728989952087168e+00
   1.3400000000000000e+01  -2.6650572204717409e+00
   1.3500000000000000e+01  -2.6571497076652490e+00
   1.3600000000000001e+01  -2.6491764160740003e+00
   1.3700000000000001e+01  -2.6411373040580632e+00
   1.3800000000000001e+01  -2.6330323290205331e+00
   1.3900000000000000e+01  -2.6248614473810012e+00
   1.4000000000000000e+01  -2.6166246145412555e+00
   1.4100000000000001e+01  -2.6083217848616300e+00
   1.4200000000000001e+01  -2.5999529116315752e+00
   1.4300000000000001e+01  -2.5915179470425551e+00
   1.4400000000000000e+01  -2.5830168421605038e+00
   1.4500000000000000e+01  -2.5744495468979274e+00
   1.4600000000000001e+01  -2.5658160099879788e+00
   1.4700000000000001e+01  -2.5571161789545300e+00
   1.4800000000000001e+01  -2.5483500000844517e+00
   1.4900000000000000e+01  -2.5395174183987086e+00
   1.5000000000000000e+01  -2.5306183776219466e+00
   1.5100000000000001e+01  -2.5216528201533346e+00
   1.5200000000000001e+01  -2.5126206870329546e+00
   1.5300000000000001e+01  -2.5035219179099548e+00
   1.5400000000000000e+01  -2.4943564510097582e+00
   1.5500000000000000e+01  -2.4851242230986386e+00
   1.5600000000000001e+01  -2.4758251694460585e+00
   1.5700000000000001e+01  -2.4664592237892569e+00
   1.5800000000000001e+01  -2.4570263182934280e+00
   1.5900000000000000e+01  -2.4475263835103216e+00
   1.6000000000000000e+01  -2.4379593483372459e+00
   1.6100000000000001e+01  -2.4283251399720540e+00
   1.6199999999999999e+01  -2.4186236838687076e+00
   1.6300000000000001e+01  -2.4088549036878528e+00
   1.6400000000000002e+01  -2.3990187212492766e+00
   1.6500000000000000e+01  -2.3891150564781438e+00
   1.6600000000000001e+01  -2.3791438273527894e+00
   1.6699999999999999e+01  -2.3691049498482890e+00
   1.6800000000000001e+01  -2.3589983378769137e+00
   1.6900000000000002e+01  -2.3488239032291220e+00
   1.7000000000000000e+01  -2.3385815555076204e+00
   1.7100000000000001e+01  -2.3282712020631884e+00
   1.7199999999999999e+01  -2.3178927479243900e+00
   1.7300000000000001e+01  -2.3074460957263967e+00
   1.7400000000000002e+01  -2.2969311456350430e+00
   1.7500000000000000e+01  -2.2863477952691782e+00
   1.7600000000000001e+01  -2.2756959396186778e+00
   1.7699999999999999e+01  -2.2649754709591150e+00
   1.7800000000000001e+01  -2.2541862787630942e+00
   1.7900000000000002e+01  -2.2433282496071887e+00
   1.8000000000000000e+01  -2.2324012670753195e+00
   1.8100000000000001e+01  -2.2214052116573919e+00
   1.8199999999999999e+01  -2.2103399606440339e+00
   1.8300000000000001e+01  -2.1992053880164577e+00
   1.8400000000000002e+01  -2.1880013643307059e+00
   1.8500000000000000e+01  -2.1767277565984084e+00
   1.8600000000000001e+01  -2.1653844281602099e+00
   1.8699999999999999e+01  -2.1539712385551666e+00
   1.8800000000000001e+01  -2.1424880433831497e+00
   1.8900000000000002e+01  -2.1309346941614997e+00
   1.9000000000000000e+01  -2.1193110381748452e+00
   1.9100000000000001e+01  -2.1076169183184947e+00
   1.9200000000000003e+01  -2.0958521729334807e+00
   1.9300000000000001e+01  -2.0840166356354155e+00
   1.9400000000000002e+01  -2.0721101351338302e+00
   1.9500000000000000e+01  -2.0601324950441597e+00
   1.9600000000000001e+01  -2.0480835336899257e+00
   1.9700000000000003e+01  -2.0359630638959816e+00
   1.9800000000000001e+01  -2.0237708927713767e+00
   1.9900000000000002e+01  -2.0115068214821212e+00
   2.0000000000000000e+01  -1.9991706450118856e+00
   2.0100000000000001e+01  -1.9867621519125573e+00
   2.0200000000000003e+01  -1.9742811240403293e+00
   2.0300000000000001e+01  -1.9617273362803012e+00
   2.0400000000000002e+01  -1.9491005562562067e+00
   2.0500000000000000e+01  -1.9364005440254206e+00
   2.0600000000000001e+01  -1.9236270517587328e+00
   2.0700000000000003e+01  -1.9107798234029703e+00
   2.0800000000000001e+01  -1.8978585943266968e+00
   2.0900000000000002e+01  -1.8848630909464632e+00
   2.1000000000000000e+01  -1.8717930303336063e+00
   2.1100000000000001e+01  -1.8586481198002012e+00
   2.1200000000000003e+01  -1.8454280564620564e+00
   2.1300000000000001e+01  -1.8321325267783439e+00
   2.1400000000000002e+01  -1.8187612060654952e+00
   2.1500000000000000e+01  -1.8053137579843652e+00
   2.1600000000000001e+01  -1.7917898339985774e+00
   2.1700000000000003e+01  -1.7781890728020351e+00
   2.1800000000000001e+01  -1.7645110997137825e+00
   2.1900000000000002e+01  -1.7507555260381555e+00
   2.2000000000000000e+01  -1.7369219483870975e+00
   2.2100000000000001e+01  -1.7230099479632246e+00
   2.2200000000000003e+01  -1.7090190897997968e+00
   2.2300000000000001e+01  -1.6949489219552212e+00
   2.2400000000000002e+01  -1.6807989746586980e+00
   2.2500000000000000e+01  -1.6665687594033738e+00
   2.2600000000000001e+01  -1.6522577679834869e+00
   2.2700000000000003e+01  -1.6378654714710836e+00
   2.2800000000000001e+01  -1.6233913191281435e+00
   2.2900000000000002e+01  -1.6088347372489140e+00
   2.3000000000000000e+01  -1.5941951279276281e+00
   2.3100000000000001e+01  -1.5794718677455273e+00
   2.3200000000000003e+01  -1.5646643063711521e+00
   2.3300000000000001e+01  -1.5497717650669627e+00
   2.3400000000000002e+01  -1.5347935350951312e+00
   2.3500000000000000e+01  -1.5197288760141159e+00
   2.3600000000000001e+01  -1.5045770138574723e+00
   2.3700000000000003e+01  -1.4893371391850505e+00
   2.3800000000000001e+01  -1.4740084049961633e+00
   2.3900000000000002e+01  -1.4585899244929565e+00
   2.4000000000000000e+01  -1.4430807686813529e+00
   2.4100000000000001e+01  -1.4274799637957876e+00
   2.4200000000000003e+01  -1.4117864885319973e+00
   2.4300000000000001e+01  -1.3959992710713469e+00
   2.4400000000000002e+01  -1.3801171858775800e+00
   2.4500000000000000e+01  -1.3641390502461688e+00
   2.4600000000000001e+01  -1.3480636205826677e+00
   2.4700000000000003e+01  -1.3318895883856023e+00
   2.4800000000000001e+01  -1.3156155759055994e+00
   2.4900000000000002e+01  -1.2992401314502797e+00
   2.5000000000000000e+01  -1.2827617243002409e+00
   2.5100000000000001e+01  -1.2661787391979566e+00
   2.5200000000000003e+01  -1.2494894703676562e+00
   2.5300000000000001e+01  -1.2326921150177217e+00
   2.5400000000000002e+01  -1.2157847662736947e+00
   2.5500000000000000e+01  -1.1987654054819750e+00
   2.5600000000000001e+01  -1.1816318938177004e+00
   2.5700000000000003e+01  -1.1643819631226655e+00
   2.5800000000000001e+01  -1.1470132058890308e+00
   2.5900000000000002e+01  -1.1295230642943701e+00
   2.6000000000000000e+01  -1.1119088181814598e+00
   2.6100000000000001e+01  -1.0941675718626547e+00
   2.6200000000000003e+01  -1.0762962396112414e+00
   2.6300000000000001e+01  -1.0582915296862729e+00
   2.6400000000000002e+01  -1.0401499267133483e+00
   2.6500000000000000e+01  -1.0218676722215887e+00
   2.6600000000000001e+01  -1.0034407431066665e+00
   2.6700000000000003e+01  -9.8486482775860451e-01
   2.6800000000000001e+01  -9.6613529955209088e-01
   2.6900000000000002e+01  -9.4724718735491276e-01
   2.7000000000000000e+01  -9.2819514265437242e-01
   2.7100000000000001e+01  -9.0897340284291750e-01
   2.7200000000000003e+01  -8.8957575012767853e-01
   2.7300000000000001e+01  -8.6999546544690110e-01
   2.7400000000000002e+01  -8.5022527667066972e-01
   2.7500000000000000e+01  -8.3025730024516453e-01
   2.7600000000000001e+01  -8.1008297529488527e-01
   2.7700000000000003e+01  -7.8969298902554952e-01
   2.7800000000000001e+01  -7.6907719206488756e-01
   2.7900000000000002e+01  -7.4822450213068381e-01
   2.8000000000000000e+01  -7.2712279411873970e-01
   2.8100000000000001e+01  -7.0575877433892342e-01
   2.8200000000000003e+01  -6.8411783619358724e-01
   2.8300000000000001e+01  -6.6218389405439071e-01
   2.8400000000000002e+01  -6.3993919144412004e-01
   2.8500000000000000e+01  -6.1736407882528255e-01
   2.8600000000000001e+01  -5.9443675531544538e-01
   2.8700000000000003e+01  -5.7113296742727049e-01
   2.8800000000000001e+01  -5.4742565642653263e-01
   2.8900000000000002e+01  -5.2328454402535973e-01
   2.9000000000000000e+01  -4.9867564379565399e-01
   2.9100000000000001e+01  -4.7356068277666169e-01
   2.9200000000000003e+01  -4.4789641411540393e-01
   2.9300000000000001e+01  -4.2163379704246673e-01
   2.9400000000000002e+01  -3.9471701480811516e-01
   2.9500000000000000e+01  -3.6708229421602823e-01
   2.9600000000000001e+01  -3.3865648167580120e-01
   2.9700000000000003e+01  -3.0935532022058371e-01
   2.9800000000000001e+01  -2.7908135939125850e-01
   2.9900000000000002e+01  -2.4772141559428296e-01
   3.0000000000000000e+01  -2.1514348532692132e-01
   3.0100000000000001e+01  -1.8119299984693651e-01
   3.0200000000000003e+01  -1.4568830248507222e-01
   3.0300000000000001e+01  -1.0841523908910310e-01
   3.0400000000000002e+01  -6.9120797651101296e-02
   3.0500000000000000e+01  -2.7505850977144815e-02
   3.0600000000000001e+01   1.6782690966361161e-02
   3.0700000000000003e+01   6.4159522587997453e-02
   3.0800000000000001e+01   1.1510670713746755e-01
   3.0900000000000002e+01   1.7017446790362278e-01
   3.1000000000000000e+01   2.2997187512015826e-01
   3.1100000000000001e+01   2.9514003231051966e-01
   3.1200000000000003e+01   3.6629927560168413e-01
   3.1300000000000001e+01   4.4396489701899239e-01
   3.1400000000000002e+01   5.2843645994106170e-01
   3.1500000000000000e+01   6.1968384623885442e-01
   3.1600000000000001e+01   7.1726970322383499e-01
   3.1700000000000003e+01   8.2034668460277549e-01
   3.1800000000000001e+01   9.2774085122821992e-01
   3.1900000000000002e+01   1.0380947175419486e+00
   3.2000000000000000e+01   1.1500218290107957e+00
   3.2100000000000001e+01   1.2622314567160724e+00
   3.2200000000000003e+01   1.3736052321120309e+00
   3.2300000000000004e+01   1.4832287097146153e+00
   3.2399999999999999e+01   1.5903909878688394e+00
   3.2500000000000000e+01   1.6945662568957807e+00
   3.2600000000000001e+01   1.7953876207368251e+00
   3.2700000000000003e+01   1.8926195028188446e+00
   3.2800000000000004e+01   1.9861319012027876e+00
   3.2899999999999999e+01   2.0758778625377046e+00
   3.3000000000000000e+01   2.1618745035482831e+00
   3.3100000000000001e+01   2.2441873990544563e+00
   3.3200000000000003e+01   2.3229179440843257e+00
   3.3300000000000004e+01   2.3981932413794183e+00
   3.3399999999999999e+01   2.4701512899674687e+00
   3.3500000000000000e+01   2.5389298075612823e+00
   3.3600000000000001e+01   2.6046881177531893e+00
   3.3700000000000003e+01   2.6675943614403117e+00
   3.3800000000000004e+01   2.7278166457832995e+00
   3.3899999999999999e+01   2.7855199870531626e+00
   3.4000000000000000e+01   2.8408649439946321e+00
   3.4100000000000001e+01   2.8940066081481568e+00
   3.4200000000000003e+01   2.9450938239621514e+00
   3.4300000000000004e+01   2.9942686591529570e+00
   3.4399999999999999e+01   3.0416660956926780e+00
   3.4500000000000000e+01   3.0874138936692810e+00
   3.4600000000000001e+01   3.1316325865785766e+00
   3.4700000000000003e+01   3.1316325865785766e+00
   3.4800000000000004e+01  -3.0663909045326041e+00
   3.4899999999999999e+01  -3.0237504377266085e+00
   3.5000000000000000e+01  -2.9841284130793664e+00
   3.5100000000000001e+01  -2.9462907011601343e+00
   3.5200000000000003e+01  -2.9094030350353446e+00
   3.5300000000000004e+01  -2.8732835695190588e+00
   3.5399999999999999e+01  -2.8378978772316947e+00
   3.5500000000000000e+01  -2.8032041094262259e+00
   3.5600000000000001e+01  -2.7691486931238063e+00
   3.5700000000000003e+01  -2.7356783284398127e+00
   3.5800000000000004e+01  -2.7027436891830230e+00
   3.5899999999999999e+01  -2.6702992998585180e+00
   3.6000000000000000e+01  -2.6383030005908665e+00
   3.6100000000000001e+01  -2.6067156269541507e+00
   3.6200000000000003e+01  -2.5755007971550485e+00
   3.6300000000000004e+01  -2.5446247211468376e+00
   3.6399999999999999e+01  -2.5140560156475060e+00
   3.6500000000000000e+01  -2.4837655275429666e+00
   3.6600000000000001e+01  -2.4537261675751560e+00
   3.6700000000000003e+01  -2.4239127543944128e+00
   3.6800000000000004e+01  -2.3943018685194035e+00
   3.6899999999999999e+01  -2.3648717157161960e+00
   3.7000000000000000e+01  -2.3356019993205575e+00
   3.7100000000000001e+01  -2.3064738010264398e+00
   3.7200000000000003e+01  -2.2774694696530635e+00
   3.7300000000000004e+01  -2.2485725174048996e+00
   3.7399999999999999e+01  -2.2197675231415177e+00
   3.7500000000000000e+01  -2.1910400421853682e+00
   3.7600000000000001e+01  -2.1623765222071416e+00
   3.7700000000000003e+01  -2.1337642247431958e+00
   3.7800000000000004e+01  -2.1051911519149193e+00
   3.7899999999999999e+01  -2.0766459779364173e+00
   3.8000000000000000e+01  -2.0481179850139859e+00
   3.8100000000000001e+01  -2.0195970032553747e+00
   3.8200000000000003e+01  -1.9910733542247994e+00
   3.8300000000000004e+01  -1.9625377977927891e+00
   3.8400000000000006e+01  -1.9339814819437484e+00
   3.8500000000000000e+01  -1.9053958952176762e+00
   3.8600000000000001e+01  -1.8767728214718646e+00
   3.8700000000000003e+01  -1.8481042966583934e+00
   3.8800000000000004e+01  -1.8193825673207860e+00
   3.8900000000000006e+01  -1.7906000505181383e+00
   3.9000000000000000e+01  -1.7617492948884714e+00
   3.9100000000000001e+01  -1.7328229425640729e+00
   3.9200000000000003e+01  -1.7038136916502093e+00
   3.9300000000000004e+01  -1.6747142589734123e+00
   3.9400000000000006e+01  -1.6455173427991305e+00
   3.9500000000000000e+01  -1.6162155852068134e+00
   3.9600000000000001e+01  -1.5868015337963857e+00
   3.9700000000000003e+01  -1.5572676023809859e+00
   3.9800000000000004e+01  -1.5276060302969989e+00
   3.9900000000000006e+01  -1.4978088399337071e+00
   4.0000000000000000e+01  -1.4678677920489900e+00
   4.0100000000000001e+01  -1.4377743383953883e+00
   4.0200000000000003e+01  -1.4075195711298059e+00
   4.0300000000000004e+01  -1.3770941684197726e+00
   4.0400000000000006e+01  -1.3464883355876760e+00
   4.0500000000000000e+01  -1.3156917410498703e+00
   4.0600000000000001e+01  -1.2846934462074300e+00
   4.0700000000000003e+01  -1.2534818283277842e+00
   4.0800000000000004e+01  -1.2220444953176033e+00
   4.0900000000000006e+01  -1.1903681911230346e+00
   4.1000000000000000e+01  -1.1584386903005834e+00
   4.1100000000000001e+01  -1.1262406800737335e+00
   4.1200000000000003e+01  -1.0937576279211303e+00
   4.1300000000000004e+01  -1.0609716324247658e+00
   4.1400000000000006e+01  -1.0278632547307516e+00
   4.1500000000000000e+01  -9.9441132753354355e-01
   4.1600000000000001e+01  -9.6059273797214650e-01
   4.1700000000000003e+01  -9.2638218021213858e-01
   4.1800000000000004e+01  -8.9175187276788159e-01
   4.1900000000000006e+01  -8.5667123477429086e-01
   4.2000000000000000e+01  -8.2110651444054783e-01
   4.2100000000000001e+01  -7.8502036178781986e-01
   4.2200000000000003e+01  -7.4837133649272647e-01
   4.2300000000000004e+01  -7.1111334022632167e-01
   4.2400000000000006e+01  -6.7319496133087386e-01
   4.2500000000000000e+01  -6.3455871807747677e-01
   4.2600000000000001e+01  -5.9514018523503731e-01
   4.2700000000000003e+01  -5.5486698749758445e-01
   4.2800000000000004e+01  -5.1365764287546922e-01
   4.2900000000000006e+01  -4.7142024015424921e-01
   4.3000000000000000e+01  -4.2805093807445432e-01
   4.3100000000000001e+01  -3.8343228174653371e-01
   4.3200000000000003e+01  -3.3743134670994096e-01
   4.3300000000000004e+01  -2.8989774706443217e-01
   4.3400000000000006e+01  -2.4066158708258301e-01
   4.3500000000000000e+01  -1.8953150402037783e-01
   4.3600000000000001e+01  -1.3629305336486497e-01
   4.3700000000000003e+01  -8.0707838332748527e-02
   4.3800000000000004e+01  -2.2513990632270216e-02
   4.3900000000000006e+01   3.8571134427896017e-02
   4.4000000000000000e+01   1.0284491214787159e-01
   4.4100000000000001e+01   1.7060871380375228e-01
   4.4200000000000003e+01   2.4215118507658592e-01
   4.4300000000000004e+01   3.1772477468407379e-01
   4.4400000000000006e+01   3.9751604198749724e-01
   4.4500000000000000e+01   4.8161238946622387e-01
   4.4600000000000001e+01   5.6997039546925321e-01
   4.4700000000000003e+01   6.6239281118805593e-01
   4.4800000000000004e+01   7.5852116487111731e-01
   4.4900000000000006e+01   8.5784800644183068e-01
   4.5000000000000000e+01   9.5974783355860849e-01
   4.5100000000000001e+01   1.0635207792361514e+00
   4.5200000000000003e+01   1.1684404365079404e+00
   4.5300000000000004e+01   1.2737976220443794e+00
   4.5400000000000006e+01   1.3789346158210847e+00
   4.5500000000000000e+01   1.4832678141780258e+00
   4.5600000000000001e+01   1.5862994542990927e+00
   4.5700000000000003e+01   1.6876205776287168e+00
   4.5800000000000004e+01   1.7869078326344285e+00
   4.5900000000000006e+01   1.8839164821108603e+00
   4.6000000000000000e+01   1.9784714626117728e+00
   4.6100000000000001e+01   2.0704577923565943e+00
   4.6200000000000003e+01   2.1598111568072467e+00
   4.6300000000000004e+01   2.2465091511915358e+00
   4.6400000000000006e+01   2.3305566252687560e+00
   4.6500000000000000e+01   2.4119739257312349e+00
   4.6600000000000001e+01   2.4908177862940515e+00
   4.6700000000000003e+01   2.5671673297859701e+00
   4.6800000000000004e+01   2.6411139291677470e+00
   4.6900000000000006e+01   2.7127568677444813e+00
   4.7000000000000000e+01   2.7822007448842117e+00
   4.7100000000000001e+01   2.8495533211738211e+00
   4.7200000000000003e+01   2.9149236890626877e+00
   4.7300000000000004e+01   2.9784207936280955e+00
   4.7400000000000006e+01   3.0401522724325170e+00
   4.7500000000000000e+01   3.1002235620233360e+00
   4.7600000000000001e+01   3.1002235620233360e+00
   4.7700000000000003e+01  -3.0662103789037602e+00
   4.7800000000000004e+01  -3.0072991619353817e+00
   4.7900000000000006e+01  -2.9522690831597251e+00
   4.8000000000000000e+01  -2.8994659268142016e+00
   4.8100000000000001e+01  -2.8477756558795426e+00
   4.8200000000000003e+01  -2.7969726007913205e+00
   4.8300000000000004e+01  -2.7470297871277718e+00
   4.8400000000000006e+01  -2.6979074670745509e+00
   4.8500000000000000e+01  -2.6495474571485440e+00
   4.8600000000000001e+01  -2.6018897843315028e+00
   4.8700000000000003e+01  -2.5548779729845950e+00
   4.8800000000000004e+01  -2.5084590766923798e+00
   4.8900000000000006e+01  -2.4625831214839815e+00
   4.9000000000000000e+01  -2.4172028211533938e+00
   4.9100000000000001e+01  -2.3722734201532973e+00
   4.9200000000000003e+01  -2.3277525491313322e+00
   4.9300000000000004e+01  -2.2836000728122543e+00
   4.9400000000000006e+01  -2.2397779350477123e+00
   4.9500000000000000e+01  -2.1962500048880491e+00
   4.9600000000000001e+01  -2.1529819248706947e+00
   4.9700000000000003e+01  -2.1099409618301275e+00
   4.9800000000000004e+01  -2.0670958603390130e+00
   4.9900000000000006e+01  -2.0244166987750130e+00
   5.0000000000000000e+01  -1.9818747478700209e+00
   5.0100000000000001e+01  -1.9394423314631892e+00
   5.0200000000000003e+01  -1.8970926890562168e+00
   5.0300000000000004e+01  -1.8547998396559551e+00
   5.0400000000000006e+01  -1.8125384462826799e+00
   5.0500000000000000e+01  -1.7702836804163462e+00
   5.0600000000000001e+01  -1.7280110855471766e+00
   5.0700000000000003e+01  -1.6856964388850979e+00
   5.0800000000000004e+01  -1.6433156101627726e+00
   5.0900000000000006e+01  -1.6008444163366824e+00
   5.1000000000000000e+01  -1.5582584708448481e+00
   5.1100000000000001e+01  -1.5155330259160116e+00
   5.1200000000000003e+01  -1.4726428062391455e+00
   5.1300000000000004e+01  -1.4295618320905497e+00
   5.1400000000000006e+01  -1.3862632297734414e+00
   5.1500000000000000e+01  -1.3427190269492306e+00
   5.1600000000000001e+01  -1.2988999301256932e+00
   5.1700000000000003e+01  -1.2547750812118810e+00
   5.1800000000000004e+01  -1.2103117896520159e+00
   5.1900000000000006e+01  -1.1654752362094010e+00
   5.2000000000000000e+01  -1.1202281439927650e+00
   5.2100000000000001e+01  -1.0745304118105994e+00
   5.2200000000000003e+01  -1.0283387044257339e+00
   5.2300000000000004e+01  -9.8160599379843871e-01
   5.2400000000000006e+01  -9.3428104501148346e-01
   5.2500000000000000e+01  -8.8630784036122201e-01
   5.2600000000000001e+01  -8.3762493522271519e-01
   5.2700000000000003e+01  -7.8816473998004033e-01
   5.2800000000000004e+01  -7.3785272389482892e-01
   5.2900000000000006e+01  -6.8660653976311792e-01
   5.3000000000000000e+01  -6.3433507330493311e-01
   5.3100000000000001e+01  -5.8093742946568749e-01
   5.3200000000000003e+01  -5.2630188059499117e-01
   5.3300000000000004e+01  -4.7030482070182716e-01
   5.3400000000000006e+01  -4.1280979806193319e-01
   5.3500000000000000e+01  -3.5366673819584027e-01
   5.3600000000000001e+01  -2.9271152348366863e-01
   5.3700000000000003e+01  -2.2976616634984126e-01
   5.3800000000000004e+01  -1.6463989912740548e-01
   5.3900000000000006e+01  -9.7131598400279698e-02
   5.4000000000000000e+01  -2.7034046713366424e-02
   5.4100000000000001e+01   4.5859424384413400e-02
   5.4200000000000003e+01   1.2174542510537960e-01
   5.4300000000000004e+01   2.0079787783274033e-01
   5.4400000000000006e+01   2.8315248446464802e-01
   5.4500000000000000e+01   3.6888923891268749e-01
   5.4600000000000001e+01   4.5801483144683069e-01
   5.4700000000000003e+01   5.5044760886731459e-01
   5.4800000000000004e+01   6.4600811802664371e-01
   5.4900000000000006e+01   7.4441782629291953e-01
   5.5000000000000000e+01   8.4530729384353021e-01
