   0.0000000000000000e+00   1.0000000000000000e+01
   6.2385546541051640e-05   1.0000003091016660e+01
   2.4689493341695831e-04   1.0000034750560612e+01
   5.4290418396024903e-04   1.0000132851477233e+01
   8.7156654631733691e-04   1.0000310504910285e+01
   1.1462517493047674e-03   1.0000562985531891e+01
   1.3485033859292825e-03   1.0000876546544609e+01
   1.4750851081683240e-03   1.0001227600613024e+01
   1.5261498962016527e-03   1.0001597483974841e+01
   1.5098425678995524e-03   1.0001970760827259e+01
   1.4320740032152700e-03   1.0002336613918285e+01
   1.3022609866042824e-03   1.0002687910658031e+01
   1.1267736665696124e-03   1.0003019519261789e+01
   9.1448251712240131e-04   1.0003329868874101e+01
   6.7179744882958701e-04   1.0003618383459191e+01
   4.0349774760546257e-04   1.0003884948409915e+01
   1.1354276856046351e-04   1.0004129982090140e+01
  -1.9474049705966984e-04   1.0004354333782295e+01
  -5.1860702905624691e-04   1.0004559119128844e+01
  -8.5583298056045353e-04   1.0004745591720800e+01
  -1.2046442420097056e-03   1.0004915058668145e+01
  -1.5636480494790387e-03   1.0005068825191978e+01
  -1.9317724175936407e-03   1.0005208157943326e+01
  -2.3082138906532408e-03   1.0005334261536731e+01
  -2.6923930899457270e-03   1.0005448264680512e+01
  -3.0839173138073194e-03   1.0005551213136375e+01
  -3.4825493581709921e-03   1.0005644067395057e+01
  -3.8881817066192793e-03   1.0005727703510773e+01
  -4.3008152795782914e-03   1.0005802915973049e+01
  -4.7205420080777090e-03   1.0005870421818990e+01
  -5.1475305872484027e-03   1.0005930865426260e+01
  -5.5820148555708743e-03   1.0005984823599793e+01
  -6.0242843311213599e-03   1.0006032810690328e+01
  -6.4746765126016143e-03   1.0006075283572549e+01
  -6.9335706197312654e-03   1.0006112646374412e+01
  -7.4013825047204978e-03   1.0006145254894225e+01
  -7.8785605147267401e-03   1.0006173420673010e+01
  -8.3655821254039371e-03   1.0006197414711213e+01
  -8.8629511989325553e-03   1.0006217470832775e+01
  -9.3711957472982291e-03   1.0006233788708821e+01
  -9.8908661040060693e-03   1.0006246536558859e+01
  -1.0422533425709733e-02   1.0006255853550423e+01
  -1.0966788460116703e-02   1.0006261851919511e+01
  -1.1524240528613212e-02   1.0006264618834479e+01
  -1.2095516681844887e-02   1.0006264218025496e+01
  -1.2681264892149487e-02   1.0006260624413535e+01
  -1.3282143687970187e-02   1.0006253734913601e+01
  -1.3898825408293842e-02   1.0006243680975338e+01
  -1.4532002351579188e-02   1.0006230488382036e+01
  -1.5182381082095011e-02   1.0006214105979328e+01
  -1.5850682512703756e-02   1.0006194456440383e+01
  -1.6537641851519080e-02   1.0006171448170335e+01
  -1.7244008351113473e-02   1.0006144974682826e+01
  -1.7970545036848928e-02   1.0006114913481818e+01
  -1.8718028464815642e-02   1.0006081125880753e+01
  -1.9487248497409737e-02   1.0006043457095995e+01
  -2.0279008084162494e-02   1.0006001736291065e+01
  -2.1094123043298666e-02   1.0005955776537977e+01
  -2.1933421842308436e-02   1.0005905374719024e+01
  -2.2797745376059549e-02   1.0005850311382851e+01
  -2.3687946740949588e-02   1.0005790350560357e+01
  -2.4604891003733170e-02   1.0005725239543764e+01
  -2.5549454963840708e-02   1.0005654708632116e+01
  -2.6522526908160444e-02   1.0005578470846395e+01
  -2.7525006357375027e-02   1.0005496221616927e+01
  -2.8557803803038618e-02   1.0005407638445728e+01
  -2.9621840434658386e-02   1.0005312380546023e+01
  -3.0718047856106559e-02   1.0005210088461000e+01
  -3.1847367790740544e-02   1.0005100383663663e+01
  -3.3010751774650446e-02   1.0004982868139461e+01
  -3.4209160837487769e-02   1.0004857123953279e+01
  -3.5443565170356239e-02   1.0004722712802149e+01
  -3.6714943780268822e-02   1.0004579175555033e+01
  -3.8024284130693746e-02   1.0004426031780820e+01
  -3.9372581767727427e-02   1.0004262779265707e+01
  -4.0760839931445476e-02   1.0004088893520978e+01
  -4.2190069151993297e-02   1.0003903827282123e+01
  -4.3661286829987198e-02   1.0003707010000323e+01
  -4.5175516800804928e-02   1.0003497847327019e+01
  -4.6733788882350739e-02   1.0003275720592557e+01
  -4.8337138405887929e-02   1.0003039986279607e+01
  -4.9986605729536060e-02   1.0002789975492178e+01
  -5.1683235734036409e-02   1.0002524993420964e+01
  -5.3428077300394866e-02   1.0002244318805811e+01
  -5.5222182769016054e-02   1.0001947203395911e+01
  -5.7066607379948661e-02   1.0001632871408612e+01
  -5.8962408693867922e-02   1.0001300518987357e+01
  -6.0910645993425910e-02   1.0000949313659635e+01
  -6.2912379664608956e-02   1.0000578393795541e+01
  -6.4968670557745176e-02   1.0000186868067679e+01
  -6.7080579327815026e-02   9.9997738149131283e+00
  -6.9249165753724279e-02   9.9993382819981687e+00
  -7.1475488036207291e-02   9.9988792856865345e+00
  -7.3760602074036799e-02   9.9983958105118464e+00
  -7.6105560718226689e-02   9.9978868086550321e+00
  -7.8511413003923960e-02   9.9973511994274560e+00
  -8.0979203359697022e-02   9.9967878687605278e+00
  -8.3509970793938321e-02   9.9961956687025548e+00
  -8.6104748058112413e-02   9.9955734169236283e+00
  -8.8764560786592991e-02   9.9949198962293604e+00
  -9.1490426612846343e-02   9.9942338540842783e+00
  -9.4283354261733010e-02   9.9935140021456910e+00
  -9.7144342617714943e-02   9.9927590158088986e+00
  -1.0007437976877176e-01   9.9919675337646154e+00
  -1.0307444202584658e-01   9.9911381575694449e+00
  -1.0614549291765966e-01   9.9902694512303363e+00
  -1.0928848216074741e-01   9.9893599408039329e+00
  -1.1250434460460383e-01   9.9884081140117420e+00
  -1.1579399915182156e-01   9.9874124198720509e+00
  -1.1915834765315228e-01   9.9863712683495756e+00
  -1.2259827377742781e-01   9.9852830300238242e+00
  -1.2611464185630800e-01   9.9841460357771474e+00
  -1.2970829570384487e-01   9.9829585765035382e+00
  -1.3338005741087844e-01   9.9817189028391500e+00
  -1.3713072611430605e-01   9.9804252249156384e+00
  -1.4096107674129557e-01   9.9790757121373534e+00
  -1.4487185872854022e-01   9.9776684929834865e+00
  -1.4886379471668268e-01   9.9762016548362489e+00
  -1.5293757922006798e-01   9.9746732438362162e+00
  -1.5709387727201488e-01   9.9730812647659448e+00
  -1.6133332304582984e-01   9.9714236809630101e+00
  -1.6565651845182025e-01   9.9696984142636342e+00
  -1.7006403171060017e-01   9.9679033449780459e+00
  -1.7455639590301689e-01   9.9660363118987814e+00
  -1.7913410749706424e-01   9.9640951123430970e+00
  -1.8379762485218681e-01   9.9620775022307200e+00
  -1.8854736670141978e-01   9.9599811961981501e+00
  -1.9338371061184723e-01   9.9578038677507159e+00
  -1.9830699142390693e-01   9.9555431494536464e+00
  -2.0331749967010793e-01   9.9531966331634010e+00
  -2.0841547997377666e-01   9.9507618703005001e+00
  -2.1360112942848633e-01   9.9482363721650930e+00
  -2.1887459595887460e-01   9.9456176102965674e+00
  -2.2423597666360073e-01   9.9429030168784500e+00
  -2.2968531614123988e-01   9.9400899851898252e+00
  -2.3522260479996213e-01   9.9371758701046247e+00
  -2.4084777715189590e-01   9.9341579886399742e+00
  -2.4656071009312297e-01   9.9310336205549206e+00
  -2.5236122117030724e-01   9.9278000090007712e+00
  -2.5824906683501164e-01   9.9244543612243508e+00
  -2.6422394068681004e-01   9.9209938493253631e+00
  -2.7028547170635792e-01   9.9174156110691776e+00
  -2.7643322247964069e-01   9.9137167507562314e+00
  -2.8266668741467288e-01   9.9098943401492985e+00
  -2.8898529095198272e-01   9.9059454194598295e+00
  -2.9538838577026899e-01   9.9018669983945617e+00
  -3.0187525098868223e-01   9.8976560572636068e+00
  -3.0844509036723539e-01   9.8933095481511462e+00
  -3.1509703050691334e-01   9.8888243961499001e+00
  -3.2183011905110792e-01   9.8841975006604930e+00
  -3.2864332289006892e-01   9.8794257367568079e+00
  -3.3553552637012030e-01   9.8745059566184086e+00
  -3.4250552950945246e-01   9.8694349910310457e+00
  -3.4955204622236552e-01   9.8642096509562833e+00
  -3.5667370255389819e-01   9.8588267291712093e+00
  -3.6386903492684092e-01   9.8532830019791842e+00
  -3.7113648840319224e-01   9.8475752309924705e+00
  -3.7847441496217987e-01   9.8417001649876852e+00
  -3.8588107179703429e-01   9.8356545418348276e+00
  -3.9335461963275614e-01   9.8294350905006560e+00
  -4.0089312106718866e-01   9.8230385331271481e+00
  -4.0849453893776283e-01   9.8164615871856977e+00
  -4.1615673471634385e-01   9.8097009677076645e+00
  -4.2387746693467171e-01   9.8027533895917927e+00
  -4.3165438964294039e-01   9.7956155699890530e+00
  -4.3948505090412787e-01   9.7882842307652549e+00
  -4.4736689132673846e-01   9.7807561010418542e+00
  -4.5529724263868232e-01   9.7730279198152132e+00
  -4.6327332630506735e-01   9.7650964386545187e+00
  -4.7129225219273529e-01   9.7569584244785315e+00
  -4.7935101728442575e-01   9.7486106624111901e+00
  -4.8744650444550514e-01   9.7400499587160834e+00
  -4.9557548124624218e-01   9.7312731438096538e+00
  -5.0373459884266381e-01   9.7222770753529844e+00
  -5.1192039091906893e-01   9.7130586414218136e+00
  -5.2012927269531961e-01   9.7036147637544907e+00
  -5.2835754000207480e-01   9.6939424010773063e+00
  -5.3660136842716388e-01   9.6840385525067081e+00
  -5.4485681253633955e-01   9.6739002610276508e+00
  -5.5311980517168102e-01   9.6635246170473579e+00
  -5.6138615683094373e-01   9.6529087620235767e+00
  -5.6965155513119192e-01   9.6420498921663107e+00
  -5.7791156436005664e-01   9.6309452622119647e+00
  -5.8616162511800196e-01   9.6195921892686282e+00
  -5.9439705405498178e-01   9.6079880567311520e+00
  -6.0261304370489666e-01   9.5961303182645796e+00
  -6.1080466242126041e-01   9.5840165018542987e+00
  -6.1896685441749688e-01   9.5716442139212248e+00
  -6.2709443991528735e-01   9.5590111435001539e+00
  -6.3518211540438296e-01   9.5461150664793113e+00
  -6.4322445401729433e-01   9.5329538498989859e+00
  -6.5121590602225110e-01   9.5195254563070222e+00
  -6.5915079943781252e-01   9.5058279481687684e+00
  -6.6702334077248449e-01   9.4918594923289934e+00
  -6.7482761589267160e-01   9.4776183645231047e+00
  -6.8255759102225766e-01   9.4631029539348983e+00
  -6.9020711387706957e-01   9.4483117677978949e+00
  -6.9776991493744156e-01   9.4332434360372179e+00
  -7.0523960886202930e-01   9.4178967159487890e+00
  -7.1260969604598889e-01   9.4022704969125197e+00
  -7.1987356432655136e-01   9.3863638051359803e+00
  -7.2702449083897069e-01   9.3701758084249871e+00
  -7.3405564402573553e-01   9.3537058209772734e+00
  -7.4096008580186068e-01   9.3369533081954259e+00
  -7.4773077387897968e-01   9.3199178915150078e+00
  -7.5436056425086495e-01   9.3025993532437194e+00
  -7.6084221384290052e-01   9.2849976414073296e+00
  -7.6716838332792014e-01   9.2671128745979221e+00
  -7.7333164011070799e-01   9.2489453468199834e+00
  -7.7932446148333079e-01   9.2304955323295861e+00
  -7.8513923795334417e-01   9.2117640904619602e+00
  -7.9076827674676820e-01   9.1927518704425655e+00
  -7.9620380548759018e-01   9.1734599161766290e+00
  -8.0143797605539147e-01   9.1538894710121248e+00
  -8.0646286862253391e-01   9.1340419824709489e+00
  -8.1127049587217615e-01   9.1139191069430883e+00
  -8.1585280739820987e-01   9.0935227143384125e+00
  -8.2020169428802692e-01   9.0728548926906676e+00
  -8.2430899388882828e-01   9.0519179527082336e+00
  -8.2816649475799908e-01   9.0307144322661248e+00
  -8.3176594179785834e-01   9.0092471008336545e+00
  -8.3509904157488879e-01   8.9875189638322333e+00
  -8.3815746782332501e-01   8.9655332669176762e+00
  -8.4093286713275861e-01   8.9432935001814560e+00
  -8.4341686481918621e-01   8.9208034022653298e+00
  -8.4560107097868498e-01   8.8980669643838137e+00
  -8.4747708672266431e-01   8.8750884342490384e+00
  -8.4903651059338603e-01   8.8518723198925482e+00
  -8.5027094515819823e-01   8.8284233933787917e+00
  -8.5117200378066582e-01   8.8047466944050594e+00
  -8.5173131756652209e-01   8.7808475337828469e+00
  -8.5194054248210205e-01   8.7567314967957550e+00
  -8.5179136664264665e-01   8.7324044464292285e+00
  -8.5127551776760002e-01   8.7078725264676784e+00
  -8.5038477079975627e-01   8.6831421644548072e+00
  -8.4911095568483219e-01   8.6582200745131832e+00
  -8.4744596530778393e-01   8.6331132600195328e+00
  -8.4538176358191097e-01   8.6078290161325466e+00
  -8.4291039368653076e-01   8.5823749321704046e+00
  -8.4002398644874754e-01   8.5567588938357435e+00
  -8.3671476886458429e-01   8.5309890852862864e+00
  -8.3297507275450833e-01   8.5050739910499278e+00
  -8.2879734354813994e-01   8.4790223977837300e+00
  -8.2417414919271736e-01   8.4528433958770286e+00
  -8.1909818917968025e-01   8.4265463808996071e+00
  -8.1356230368355398e-01   8.4001410548967730e+00
  -8.0755948280713463e-01   8.3736374275341863e+00
  -8.0108287592684857e-01   8.3470458170963262e+00
  -7.9412580113203457e-01   8.3203768513436867e+00
  -7.8668175475182289e-01   8.2936414682351014e+00
  -7.7874442096324170e-01   8.2668509165230439e+00
  -7.7030768147418782e-01   8.2400167562313840e+00
  -7.6136562527495544e-01   8.2131508590267934e+00
  -7.5191255845213079e-01   8.1862654084970625e+00
  -7.4194301405885732e-01   8.1593729003516664e+00
  -7.3145176203573437e-01   8.1324861425624189e+00
  -7.2043381917698202e-01   8.1056182554647247e+00
  -7.0888445913697906e-01   8.0787826718429301e+00
  -6.9679922247287485e-01   8.0519931370266349e+00
  -6.8417392671972210e-01   8.0252637090285504e+00
  -6.7100467649549889e-01   7.9986087587586976e+00
  -6.5728787363450181e-01   7.9720429703543649e+00
  -6.4302022734894371e-01   7.9455813416706018e+00
  -6.2819876442020794e-01   7.9192391849818478e+00
  -6.1282083942316579e-01   7.8930321279520559e+00
  -5.9688414498927855e-01   7.8669761149381756e+00
  -5.8038672211698161e-01   7.8410874087004556e+00
  -5.6332697054114578e-01   7.8153825926026794e+00
  -5.4570365917734520e-01   7.7898785733966136e+00
  -5.2751593666133845e-01   7.7645925846974553e+00
  -5.0876334200975426e-01   7.7395421912716351e+00
  -4.8944581543462651e-01   7.7147452942747918e+00
  -4.6956370935238356e-01   7.6902201375969153e+00
  -4.4911779963741877e-01   7.6659853154935584e+00
  -4.2810929718180402e-01   7.6420597817075304e+00
  -4.0653985983645258e-01   7.6184628603149465e+00
  -3.8441160482562586e-01   7.5952142585638729e+00
  -3.6172712174674393e-01   7.5723340820138567e+00
  -3.3848948629181391e-01   7.5498428523314693e+00
  -3.1470227485646424e-01   7.5277615281520474e+00
  -2.9036958023884279e-01   7.5061115294824363e+00
  -2.6549602867516686e-01   7.4849147661961233e+00
  -2.4008679851358930e-01   7.4641936712624428e+00
  -2.1414764089598343e-01   7.4439712394591115e+00
  -1.8768490290173240e-01   7.4242710724451886e+00
  -1.6070555371315767e-01   7.4051174312243901e+00
  -1.3321721449475671e-01   7.3865352972115446e+00
  -1.0522819284567650e-01   7.3685504433345397e+00
  -7.6747522897042744e-02   7.3511895168680912e+00
  -4.7785012396448431e-02   7.3344801360137959e+00
  -1.8351298469123534e-02   7.3184510026246254e+00
   1.1542085806730849e-02   7.3031320339350678e+00
   4.1882631291660880e-02   7.2885545167165136e+00
   7.2656755666108463e-02   7.2747512879492220e+00
   1.0384968482724324e-01   7.2617569469074876e+00
   1.3544530701168589e-01   7.2496081045103971e+00
   1.6742599210753650e-01   7.2383436769140497e+00
   1.9977236628674311e-01   7.2280052316100036e+00
   2.3246302896231433e-01   7.2186373957245928e+00
   2.6547419486880780e-01   7.2102883376999580e+00
   2.9877923839682813e-01   7.2030103348900614e+00
   3.3234810968159534e-01   7.1968604404357714e+00
   3.6614658172184278e-01   7.1919012623500844e+00
   4.0013527425958695e-01   7.1882018646796775e+00
   4.3426838258996431e-01   7.1858387924683971e+00
   4.6849201760650572e-01   7.1848972047921853e+00
   5.0274203821802277e-01   7.1854720662762963e+00
   5.3694123294423846e-01   7.1876692860214568e+00
   5.7099569489181734e-01   7.1916065875419726e+00
   6.0479025708990286e-01   7.1974137246776699e+00
   6.3818295764329980e-01   7.2052314132160831e+00
   6.7099875540993226e-01   7.2152080454231022e+00
   7.0302319384566048e-01   7.2274929976137026e+00
   7.3399742952063474e-01   7.2422253744593723e+00
   7.6361682290236443e-01   7.2595177281789836e+00
   7.9153564089954953e-01   7.2794359015310270e+00
   8.1737968736947819e-01   7.3019783414850288e+00
   8.4076661203621139e-01   7.3270598564208829e+00
   8.6133099037391081e-01   7.3545044987024308e+00
   8.7874947246623936e-01   7.3840497919403294e+00
   8.9276137631088159e-01   7.4153611814646370e+00
   9.0318179830144718e-01   7.4480531277981665e+00
   9.0990652366985691e-01   7.4817125405000082e+00
   9.1290975283894471e-01   7.5159209499611377e+00
   9.1223654736651005e-01   7.5502731292839700e+00
   9.0799206574368341e-01   7.5843911555333516e+00
   9.0032939692171510e-01   7.6179338416771269e+00
   8.8943736227355785e-01   7.6506020373717067e+00
   8.7552920404558243e-01   7.6821405622535366e+00
   8.5883268912312338e-01   7.7123375973068722e+00
   8.3958185858614964e-01   7.7410223023046427e+00
   8.1801044542729617e-01   7.7680613113339927e+00
   7.9434685137224015e-01   7.7933546237329168e+00
   7.6881050136537299e-01   7.8168312776128746e+00
   7.4160950784084234e-01   7.8384452664395479e+00
   7.1293932584301511e-01   7.8581718747598730e+00
   6.8298156714313207e-01   7.8760036221601650e+00
   6.5190367506023361e-01   7.8919467712931173e+00
   6.1985916921052742e-01   7.9060184084207386e+00
   5.8698820490324755e-01   7.9182439645827616e+00
   5.5341832524938117e-01   7.9286551180060592e+00
   5.1926533153624843e-01   7.9372880438952720e+00
   4.8463421517737248e-01   7.9441819759902712e+00
   4.4962010783911105e-01   7.9493780410735297e+00
   4.1430921824862676e-01   7.9529183282080149e+00
   3.7877973395547915e-01   7.9548451572748791e+00
   3.4310267387533455e-01   7.9552005149349592e+00
   3.0734268313933399e-01   7.9540256298713974e+00
   2.7156117656132978e-01   7.9513297140019965e+00
   2.3582056019576844e-01   7.9470983557580279e+00
   2.0016666784239501e-01   7.9414372763556269e+00
   1.6464133619495847e-01   7.9344095289058920e+00
   1.2928618020387275e-01   7.9260496533896987e+00
   9.4140947495502642e-02   7.9163868739319181e+00
   5.9242925698967171e-02   7.9054502098986701e+00
   2.4627243927926624e-02   7.8932680925833640e+00
  -9.6727322836677870e-03   7.8798678650135345e+00
  -4.3625116724570069e-02   7.8652757307385643e+00
  -7.7199287271945638e-02   7.8495168496150729e+00
  -1.1036570104424827e-01   7.8326154426736547e+00
  -1.4309573049597177e-01   7.8145948895886352e+00
  -1.7536151976400280e-01   7.7954778242945535e+00
  -2.0713586029222691e-01   7.7752862307225756e+00
  -2.3839208392193448e-01   7.7540415379624612e+00
  -2.6910397156276911e-01   7.7317647138681798e+00
  -2.9924567576758510e-01   7.7084763564193466e+00
  -3.2879165574070235e-01   7.6841967823833821e+00
  -3.5771662347471767e-01   7.6589461129646637e+00
  -3.8599549985309278e-01   7.6327443562265005e+00
  -4.1360337968352950e-01   7.6056114861502424e+00
  -4.4051550474252910e-01   7.5775675182580313e+00
  -4.6670724401490565e-01   7.5486325817741262e+00
  -4.9215408040410474e-01   7.5188269883364391e+00
  -5.1683160327091593e-01   7.4881712972975372e+00
  -5.4071550623054410e-01   7.4566863776744006e+00
  -5.6378158970194292e-01   7.4243934668205638e+00
  -5.8600576775969060e-01   7.3913142259039244e+00
  -6.0736407888829425e-01   7.3574707922797211e+00
  -6.2783270028239679e-01   7.3228858288516001e+00
  -6.4738796537460330e-01   7.2875825705152053e+00
  -6.6600638430616010e-01   7.2515848677788224e+00
  -6.8366466708505347e-01   7.2149172276546167e+00
  -7.0033974920178954e-01   7.1776048519126494e+00
  -7.1600881949557171e-01   7.1396736727880530e+00
  -7.3064935008327181e-01   7.1011503862300440e+00
  -7.4423912818084292e-01   7.0620624827799379e+00
  -7.5675628966197483e-01   7.0224382761642232e+00
  -7.6817935421219008e-01   6.9823069296881304e+00
  -7.7848726194845219e-01   6.9416984805153357e+00
  -7.8765941138502660e-01   6.9006438619202868e+00
  -7.9567569863598253e-01   6.8591749236015076e+00
  -8.0251655775363084e-01   6.8173244501470940e+00
  -8.0816300211055803e-01   6.7751261777476310e+00
  -8.1259666674094000e-01   6.7326148092569396e+00
  -8.1579985156476043e-01   6.6898260277076993e+00
  -8.1775556542658867e-01   6.6467965083970535e+00
  -8.1844757088895548e-01   6.6035639296669322e+00
  -8.1786042972932582e-01   6.5601669825154065e+00
  -8.1597954909946391e-01   6.5166453791887058e+00
  -8.1279122831694384e-01   6.4730398609192221e+00
  -8.0828270627095622e-01   6.4293922049927721e+00
  -8.0244220943882083e-01   6.3857452313491070e+00
  -7.9525900052614962e-01   6.3421428089433647e+00
  -7.8672342776292548e-01   6.2986298621232448e+00
  -7.7682697491050046e-01   6.2552523773075794e+00
  -7.6556231206137249e-01   6.2120574102871995e+00
  -7.5292334734546773e-01   6.1690930945091207e+00
  -7.3890527969458941e-01   6.1264086507507738e+00
  -7.2350465286199506e-01   6.0840543986430280e+00
  -7.0671941094830526e-01   6.0420817705600705e+00
  -6.8854895575009545e-01   6.0005433284617595e+00
  -6.6899420632597417e-01   5.9594927843509939e+00
  -6.4805766126969855e-01   5.9189850250963216e+00
  -6.2574346429464822e-01   5.8790761424697733e+00
  -6.0205747387340269e-01   5.8398234693633935e+00
  -5.7700733784607683e-01   5.8012856232766570e+00
  -5.5060257411876790e-01   5.7635225583126291e+00
  -5.2285465882815596e-01   5.7265956270847980e+00
  -4.9377712366160420e-01   5.6905676541200343e+00
  -4.6338566440870244e-01   5.6555030225466307e+00
  -4.3169826329866517e-01   5.6214677760787168e+00
  -3.9873532827185421e-01   5.5885297385465993e+00
  -3.6451985307265977e-01   5.5567586534697044e+00
  -3.2907760297253291e-01   5.5262263464124857e+00
  -2.9243733208315259e-01   5.4970069130820978e+00
  -2.5463103965911776e-01   5.4691769362843692e+00
  -2.1569427458923779e-01   5.4428157348945261e+00
  -1.7566649952236948e-01   5.4180056478314365e+00
  -1.3459152886947695e-01   5.3948323555102924e+00
  -9.2518058380949675e-02   5.3733852401759377e+00
  -4.9500308230701791e-02   5.3537577845665467e+00
  -5.5988066368699088e-03   5.3360480050459627e+00
   3.9118652965956131e-02   5.3203589099675259e+00
   8.4575841451998132e-02   5.3067989655752719e+00
   1.3068666343803773e-01   5.2954825387850368e+00
   1.7735341351540873e-01   5.2865302667866612e+00
   2.2446466257898939e-01   5.2800692751515186e+00
   2.7189272029844286e-01   5.2762331262725759e+00
   3.1949063487742019e-01   5.2751613261722454e+00
   3.6708872792117275e-01   5.2769981496084917e+00
   4.1449073317011631e-01   5.2818904656484573e+00
   4.6146972768232197e-01   5.2899841730317441e+00
   5.0776422395349474e-01   5.3014188172557288e+00
   5.5307502774175710e-01   5.3163200098041399e+00
   5.9706372296827859e-01   5.3347894688734083e+00
   6.3935383748914920e-01   5.3568929035350132e+00
   6.7953574220309243e-01   5.3826465625476292e+00
   7.1717601115120067e-01   5.4120039453203805e+00
   7.5183127924056969e-01   5.4448446863298052e+00
   7.8306570263348252e-01   5.4809677019776153e+00
   8.1047024384530286e-01   5.5200901819122761e+00
   8.3368149473294961e-01   5.5618530152328560e+00
   8.5239780101650453e-01   5.6058320879876531e+00
   8.6639101232228022e-01   5.6515539456686135e+00
   8.7551302016949029e-01   5.6985138228132639e+00
   8.7969708852099326e-01   5.7461940325418386e+00
   8.7895463042613464e-01   5.7940810547693653e+00
   8.7336846194716877e-01   5.8416801801229701e+00
   8.6308368879291764e-01   5.8885271000892123e+00
   8.4829731872432790e-01   5.9341962849698593e+00
   8.2924752043543704e-01   5.9783063193518258e+00
   8.0620323168418340e-01   6.0205225689510398e+00
   7.7945460083067974e-01   6.0605576526723475e+00
   7.4930455286525377e-01   6.0981702165859417e+00
   7.1606184873537249e-01   6.1331627088597065e+00
   6.8003549640377303e-01   6.1653785949405426e+00
   6.4152941311036493e-01   6.1946981968998802e+00
   6.0083864086297256e-01   6.2210344764442755e+00
   5.5824677242447562e-01   6.2443290021676816e+00
   5.1402423227106042e-01   6.2645481086087083e+00
   4.6842723122808017e-01   6.2816793015718675e+00
   4.2169726567587107e-01   6.2957279683830869e+00
   3.7406104545882934e-01   6.3067144258205818e+00
   3.2573074738825836e-01   6.3146713136419610e+00
   2.7690450670441569e-01   6.3196413252032553e+00
   2.2776707424982545e-01   6.3216752565694376e+00
   1.7849058104340007e-01   6.3208303495194507e+00
   1.2924024596685227e-01   6.3171106989393353e+00
   8.0184301711881373e-02   6.3104829134451386e+00
   3.1455352212884723e-02   6.3011455462066177e+00
  -1.6825739247030229e-02   6.2892214700144056e+00
  -6.4540051813087307e-02   6.2747843381721751e+00
  -1.1157400717605576e-01   6.2579018016974919e+00
  -1.5782093710137912e-01   6.2386446350364135e+00
  -2.0318057001612430e-01   6.2170856404995654e+00
  -2.4755823705389216e-01   6.1932984086170784e+00
  -2.9086430465267210e-01   6.1673569568054178e+00
  -3.3301374863085675e-01   6.1393356722693397e+00
  -3.7392578307659929e-01   6.1093093013388335e+00
  -4.1352352550281218e-01   6.0773529523473888e+00
  -4.5173370017628245e-01   6.0435421186815272e+00
  -4.8848638017850504e-01   6.0079527221121172e+00
  -5.2371476610159262e-01   5.9706611720869551e+00
  -5.5735499859540028e-01   5.9317444365455820e+00
  -5.8934600207557541e-01   5.8912801206779122e+00
  -6.1962935706829436e-01   5.8493465507614957e+00
  -6.4814919880043387e-01   5.8060228607399367e+00
  -6.7485213977420921e-01   5.7613890796362739e+00
  -6.9968721420653512e-01   5.7155262182660049e+00
  -7.2260584236249725e-01   5.6685163540350567e+00
  -7.4356181296417356e-01   5.6204427128844632e+00
  -7.6251128200735918e-01   5.5713897476821748e+00
  -7.7941278646795886e-01   5.5214432125697153e+00
  -7.9422727152620598e-01   5.4706902329526805e+00
  -8.0691813008047997e-01   5.4192193709842948e+00
  -8.1745125346382563e-01   5.3671206865345402e+00
  -8.2579509241640092e-01   5.3144857937675312e+00
  -8.3192072750741519e-01   5.2614079135700873e+00
  -8.3580194834256771e-01   5.2079819221875736e+00
  -8.3741534103988391e-01   5.1543043965317805e+00
  -8.3674038361093539e-01   5.1004736567318183e+00
  -8.3375954904904115e-01   5.0465898066048691e+00
  -8.2845841610512605e-01   4.9927547728304393e+00
  -8.2082578793015482e-01   4.9390723437211417e+00
  -8.1085381898605813e-01   4.8856482085954029e+00
  -7.9853815088158520e-01   4.8325899988736083e+00
  -7.8387805808367150e-01   4.7800073321383909e+00
  -7.6687660479852582e-01   4.7280118605209518e+00
  -7.4754081472166423e-01   4.6767173248956020e+00
  -7.2588185583701104e-01   4.6262396164796424e+00
  -7.0191524301952402e-01   4.5766968475376641e+00
  -6.7566106188482733e-01   4.5282094329669667e+00
  -6.4714421815863077e-01   4.4809001845766998e+00
  -6.1639471783876032e-01   4.4348944198420694e+00
  -5.8344798462932734e-01   4.3903200867794103e+00
  -5.4834522258123031e-01   4.3473079062941613e+00
  -5.1113383362188891e-01   4.3059915328248861e+00
  -4.7186790174842441e-01   4.2665077332326131e+00
  -4.3060875813869087e-01   4.2289965825109457e+00
  -3.8742564433827653e-01   4.1936016728015622e+00
  -3.4239649401512717e-01   4.1604703290913347e+00
  -2.9560885748617494e-01   4.1297538204305519e+00
  -2.4716099715750445e-01   4.1016075489969026e+00
  -1.9716318584730927e-01   4.0761911901194861e+00
  -1.4573924305129660e-01   4.0536687435739180e+00
  -9.3028345473661539e-02   4.0342084390099489e+00
  -3.9187145802330701e-02   4.0179824151761316e+00
   1.5607775000440891e-02   4.0051660627791215e+00
   7.1157115706716928e-02   3.9959368842299452e+00
   1.2723575183114000e-01   3.9904726817566494e+00
   1.8358940757464134e-01   3.9889488431494815e+00
   2.3993127469614034e-01   3.9915344615919461e+00
   2.9593886879463871e-01   3.9983870195331477e+00
   3.5125156024974041e-01   4.0096454108701636e+00
   4.0546937353084450e-01   4.0254211999582408e+00
   4.5815377572327198e-01   4.0457882443535809e+00
   5.0883121342320559e-01   4.0707711431510063e+00
   5.5700003938610199e-01   4.1003333750650617e+00
   6.0214115022765280e-01   4.1343663685206895e+00
   6.4373214528945022e-01   4.1726809709441000e+00
   6.8126420563901235e-01   4.2150027361676026e+00
