   0.0000000000000000e+00   1.0000000000000000e+01
   6.2385546541051640e-05   1.0000003091016660e+01
   2.4689493341695831e-04   1.0000034750560612e+01
   5.4290418396024903e-04   1.0000132851477233e+01
   8.4120901896655748e-04   1.0000300182297000e+01
   1.0311811958612655e-03   1.0000504833071357e+01
   1.1229221688927394e-03   1.0000701592604766e+01
   1.1463971394587184e-03   1.0000854842681878e+01
   1.1368501219890773e-03   1.0000947405503593e+01
   1.1272075000268828e-03   1.0000977065295169e+01
   1.1444052251876732e-03   1.0000951769320590e+01
   1.2082307561959650e-03   1.0000885311820248e+01
   1.3316465989847864e-03   1.0000794021547401e+01
   1.5218367842069244e-03   1.0000694495755331e+01
   1.7814859263644229e-03   1.0000602215320933e+01
   2.1100147153515921e-03   1.0000530816752347e+01
   2.5046420324497057e-03   1.0000491811493582e+01
   2.9612325066840934e-03   1.0000494585158684e+01
   3.4749359163435910e-03   1.0000546555217140e+01
   4.0406464372829305e-03   1.0000653405076353e+01
   4.6533163907778565e-03   1.0000819342655101e+01
   5.3081580688888897e-03   1.0001047352936524e+01
   6.0007627435816318e-03   1.0001339428324316e+01
   6.7271604915440548e-03   1.0001696769743740e+01
   7.4838391903173191e-03   1.0002119956910695e+01
   8.2677364755383304e-03   1.0002609089254044e+01
   9.0762147368147125e-03   1.0003163900494636e+01
   9.9070263333849995e-03   1.0003783850460406e+01
   1.0758274017695160e-02   1.0004468197748926e+01
   1.1628369933338116e-02   1.0005216056591482e+01
   1.2515995378545263e-02   1.0006026440882890e+01
   1.3420062690465539e-02   1.0006898297912221e+01
   1.4339680022004296e-02   1.0007830533912250e+01
   1.5274119384206749e-02   1.0008822033166405e+01
   1.6222788061442957e-02   1.0009871672081669e+01
   1.7185203335451052e-02   1.0010978329355890e+01
   1.8160970349298401e-02   1.0012140893135804e+01
   1.9149762882971672e-02   1.0013358265872244e+01
   2.0151306783859017e-02   1.0014629367425687e+01
   2.1165365787374314e-02   1.0015953136852955e+01
   2.2191729468045783e-02   1.0017328533208447e+01
   2.3230203074451478e-02   1.0018754535616942e+01
   2.4280599018942438e-02   1.0020230142814929e+01
   2.5342729812802792e-02   1.0021754372310699e+01
   2.6416402257808766e-02   1.0023326259277315e+01
   2.7501412725079413e-02   1.0024944855264568e+01
   2.8597543371059308e-02   1.0026609226794465e+01
   2.9704559158100254e-02   1.0028318453888492e+01
   3.0822205563253127e-02   1.0030071628562265e+01
   3.1950206873495549e-02   1.0031867853313656e+01
   3.3088264978734599e-02   1.0033706239623342e+01
   3.4236058585608312e-02   1.0035585906481217e+01
   3.5393242785462221e-02   1.0037505978948163e+01
   3.6559448919009231e-02   1.0039465586759444e+01
   3.7734284688203709e-02   1.0041463862974034e+01
   3.8917334472888213e-02   1.0043499942672209e+01
   4.0108159815907221e-02   1.0045572961702769e+01
   4.1306300045727835e-02   1.0047682055480266e+01
   4.2511273010253162e-02   1.0049826357831940e+01
   4.3722575899542017e-02   1.0052004999893750e+01
   4.4939686138634985e-02   1.0054217109054463e+01
   4.6162062334696365e-02   1.0056461807946578e+01
   4.7389145265276350e-02   1.0058738213482822e+01
   4.8620358896727292e-02   1.0061045435936713e+01
   4.9855111423722169e-02   1.0063382578065763e+01
   5.1092796322461012e-02   1.0065748734275923e+01
   5.2332793411548853e-02   1.0068142989825715e+01
   5.3574469915719541e-02   1.0070564420068708e+01
   5.4817181528589436e-02   1.0073012089732931e+01
   5.6060273471479058e-02   1.0075485052235887e+01
   5.7303081546060453e-02   1.0077982349033892e+01
   5.8544933179191454e-02   1.0080503009004531e+01
   5.9785148458800771e-02   1.0083046047861039e+01
   6.1023041160105373e-02   1.0085610467597579e+01
   6.2257919761785178e-02   1.0088195255964278e+01
   6.3489088452019601e-02   1.0090799385971177e+01
   6.4715848124517070e-02   1.0093421815420122e+01
   6.5937497364848330e-02   1.0096061486463778e+01
   6.7153333427534878e-02   1.0098717325191000e+01
   6.8362653204451299e-02   1.0101388241237856e+01
   6.9564754185179406e-02   1.0104073127423693e+01
   7.0758935410007426e-02   1.0106770859411597e+01
   7.1944498416302710e-02   1.0109480295392835e+01
   7.3120748179005518e-02   1.0112200275794708e+01
   7.4286994045995425e-02   1.0114929623011534e+01
   7.5442550669076083e-02   1.0117667141158329e+01
   7.6586738931306908e-02   1.0120411615846940e+01
   7.7718886871386977e-02   1.0123161813984431e+01
   7.8838330605765644e-02   1.0125916483593478e+01
   7.9944415249119521e-02   1.0128674353654677e+01
   8.1036495833796060e-02   1.0131434133970700e+01
   8.2113938228781769e-02   1.0134194515052215e+01
   8.3176120058708641e-02   1.0136954168025605e+01
   8.4222431623365859e-02   1.0139711744562550e+01
   8.5252276818136644e-02   1.0142465876831492e+01
   8.6265074055732069e-02   1.0145215177471199e+01
   8.7260257189544638e-02   1.0147958239586474e+01
   8.8237276438896117e-02   1.0150693636766306e+01
   8.9195599316405208e-02   1.0153419923124618e+01
   9.0134711557652916e-02   1.0156135633363860e+01
   9.1054118053274680e-02   1.0158839282861756e+01
   9.1953343783561722e-02   1.0161529367781483e+01
   9.2831934755606776e-02   1.0164204365205610e+01
   9.3689458942983694e-02   1.0166862733294131e+01
   9.4525507227904357e-02   1.0169502911466983e+01
   9.5339694345752179e-02   1.0172123320611385e+01
   9.6131659831847016e-02   1.0174722363314432e+01
   9.6901068970253343e-02   1.0177298424121332e+01
   9.7647613744399897e-02   1.0179849869819718e+01
   9.8371013789238862e-02   1.0182375049750465e+01
   9.9071017344629156e-02   1.0184872296145436e+01
   9.9747402209589220e-02   1.0187339924492615e+01
   1.0039997669702429e-01   1.0189776233929109e+01
   1.0102858058849244e-01   1.0192179507662409e+01
   1.0163308608853691e-01   1.0194548013420432e+01
   1.0221339877807108e-01   1.0196880003930762e+01
   1.0276945856626693e-01   1.0199173717429579e+01
   1.0330124064035834e-01   1.0201427378200696e+01
   1.0380875641273482e-01   1.0203639197145202e+01
   1.0429205446466391e-01   1.0205807372382099e+01
   1.0475122148594432e-01   1.0207930089880438e+01
   1.0518638320975640e-01   1.0210005524123337e+01
   1.0559770534194068e-01   1.0212031838804315e+01
   1.0598539448390007e-01   1.0214007187556371e+01
   1.0634969904828707e-01   1.0215929714714182e+01
   1.0669091016660275e-01   1.0217797556109819e+01
   1.0700936258779972e-01   1.0219608839902321e+01
   1.0730543556694906e-01   1.0221361687441535e+01
   1.0757955374299646e-01   1.0223054214166483e+01
   1.0783218800460131e-01   1.0224684530538626e+01
   1.0806385634301907e-01   1.0226250743010294e+01
   1.0827512469095610e-01   1.0227750955028515e+01
   1.0846660774629421e-01   1.0229183268074564e+01
   1.0863896977955115e-01   1.0230545782739348e+01
   1.0879292542391299e-01   1.0231836599834923e+01
   1.0892924044664434e-01   1.0233053821542198e+01
   1.0904873250065236e-01   1.0234195552595045e+01
   1.0915227185495296e-01   1.0235259901500839e+01
   1.0924078210275785e-01   1.0236244981797542e+01
   1.0931524084587507e-01   1.0237148913347326e+01
   1.0937668035408800e-01   1.0237969823666722e+01
   1.0942618819815204e-01   1.0238705849293288e+01
   1.0946490785502332e-01   1.0239355137188664e+01
   1.0949403928390890e-01   1.0239915846177885e+01
   1.0951483947170593e-01   1.0240386148424808e+01
   1.0952862294637265e-01   1.0240764230943407e+01
   1.0953676225675504e-01   1.0241048297144676e+01
   1.0954068841737186e-01   1.0241236568418842e+01
   1.0954189131664099e-01   1.0241327285752501e+01
   1.0954192008701376e-01   1.0241318711380270e+01
   1.0954238343546643e-01   1.0241209130470514e+01
   1.0954494993278295e-01   1.0240996852844573e+01
   1.0955134826004978e-01   1.0240680214728975e+01
   1.0956336741077144e-01   1.0240257580539945e+01
   1.0958285684700464e-01   1.0239727344699553e+01
   1.0961172660789989e-01   1.0239087933482743e+01
   1.0965194736903272e-01   1.0238337806894389e+01
   1.0970555045090144e-01   1.0237475460575581e+01
   1.0977462777496358e-01   1.0236499427738110e+01
   1.0986133176558438e-01   1.0235408281126192e+01
   1.0996787519626813e-01   1.0234200635004353e+01
   1.1009653097854878e-01   1.0232875147170315e+01
   1.1024963189191930e-01   1.0231430520991701e+01
   1.1042957025318764e-01   1.0229865507465210e+01
   1.1063879752365627e-01   1.0228178907296998e+01
   1.1087982385253531e-01   1.0226369573002748e+01
   1.1115521755501265e-01   1.0224436411025977e+01
   1.1146760452342377e-01   1.0222378383872989e+01
   1.1181966756998191e-01   1.0220194512262829e+01
   1.1221414569955462e-01   1.0217883877290468e+01
   1.1265383331099649e-01   1.0215445622601473e+01
   1.1314157932557799e-01   1.0212878956576237e+01
   1.1368028624108224e-01   1.0210183154521779e+01
   1.1427290911017593e-01   1.0207357560869150e+01
   1.1492245444169948e-01   1.0204401591374259e+01
   1.1563197902356320e-01   1.0201314735319899e+01
   1.1640458866598104e-01   1.0198096557716774e+01
   1.1724343686382187e-01   1.0194746701501092e+01
   1.1815172337691042e-01   1.0191264889726302e+01
   1.1913269272716592e-01   1.0187650927746457e+01
   1.2018963261152489e-01   1.0183904705388622e+01
   1.2132587222965835e-01   1.0180026199111616e+01
   1.2254478052556006e-01   1.0176015474148327e+01
   1.2384976434215317e-01   1.0171872686628811e+01
   1.2524426648813708e-01   1.0167598085681213e+01
   1.2673176371637479e-01   1.0163192015507562e+01
   1.2831576461320360e-01   1.0158654917431363e+01
   1.2999980739813827e-01   1.0153987331913799e+01
   1.3178745763352623e-01   1.0149189900535481e+01
   1.3368230584380963e-01   1.0144263367940297e+01
   1.3568796504414715e-01   1.0139208583738144e+01
   1.3780806817825100e-01   1.0134026504363058e+01
   1.4004626546540330e-01   1.0128718194883348e+01
   1.4240622165672470e-01   1.0123284830760088e+01
   1.4489161320088562e-01   1.0117727699550498e+01
   1.4750612531956864e-01   1.0112048202552469e+01
   1.5025344899311455e-01   1.0106247856386601e+01
   1.5313727785691231e-01   1.0100328294511950e+01
   1.5616130500922479e-01   1.0094291268671720e+01
   1.5932921973127764e-01   1.0088138650265066e+01
   1.6264470412057933e-01   1.0081872431641102e+01
   1.6611142963858225e-01   1.0075494727311225e+01
   1.6973305357394444e-01   1.0069007775075836e+01
   1.7351321542280126e-01   1.0062413937061423e+01
   1.7745553318761143e-01   1.0055715700664097e+01
   1.8156359959630031e-01   1.0048915679395538e+01
   1.8584097824358689e-01   1.0042016613627339e+01
   1.9029119965654334e-01   1.0035021371229755e+01
   1.9491775728660704e-01   1.0027932948100782e+01
   1.9972410343043501e-01   1.0020754468581661e+01
   2.0471364508216661e-01   1.0013489185754681e+01
   2.0988973971983652e-01   1.0006140481619411e+01
   2.1525569102885989e-01   9.9987118671433617e+00
   2.2081474456569455e-01   9.9912069821831562e+00
   2.2657008336496895e-01   9.9836295952723351e+00
   2.3252482349355102e-01   9.9759836032719882e+00
   2.3868200955522109e-01   9.9682730308804057e+00
   2.4504461014980139e-01   9.9605020299980431e+00
   2.5161551329078657e-01   9.9526748789441761e+00
   2.5839752178570896e-01   9.9447959815216489e+00
   2.6539334858366742e-01   9.9368698659262762e+00
   2.7260561209463885e-01   9.9289011834974765e+00
   2.8003683148538672e-01   9.9208947073068998e+00
   2.8768942195696989e-01   9.9128553305818592e+00
   2.9556569000905125e-01   9.9047880649605311e+00
   3.0366782869639192e-01   9.8966980385760301e+00
   3.1199791288311041e-01   9.8885904939665679e+00
   3.2055789450047006e-01   9.8804707858091039e+00
   3.2934959781414591e-01   9.8723443784740219e+00
   3.3837471470710528e-01   9.8642168433985375e+00
   3.4763479998441404e-01   9.8560938562767486e+00
   3.5713126670645967e-01   9.8479811940644204e+00
   3.6686538155725257e-01   9.8398847317967686e+00
   3.7683826025463724e-01   9.8318104392177670e+00
   3.8705086300940578e-01   9.8237643772196801e+00
   3.9750399004046721e-01   9.8157526940917990e+00
   4.0819827715337487e-01   9.8077816215775506e+00
   4.1913419138966224e-01   9.7998574707394450e+00
   4.3031202675457519e-01   9.7919866276315641e+00
   4.4173190003091933e-01   9.7841755487795972e+00
   4.5339374668686439e-01   9.7764307564686721e+00
   4.6529731688566328e-01   9.7687588338395663e+00
   4.7744217160534536e-01   9.7611664197941650e+00
   4.8982767887654205e-01   9.7536602037113429e+00
   5.0245301014668442e-01   9.7462469199748050e+00
   5.1531713677888902e-01   9.7389333423147235e+00
   5.2841882669390539e-01   9.7317262779653610e+00
   5.4175664116355116e-01   9.7246325616412683e+00
   5.5532893176409648e-01   9.7176590493349284e+00
   5.6913383749807767e-01   9.7108126119391827e+00
   5.8316928209302998e-01   9.7041001286980944e+00
   5.9743297148562147e-01   9.6975284804903499e+00
   6.1192239149964167e-01   9.6911045429496827e+00
   6.2663480572625951e-01   9.6848351794271927e+00
   6.4156725361490463e-01   9.6787272338009203e+00
   6.5671654878304564e-01   9.6727875231383962e+00
   6.7207927755304142e-01   9.6670228302184249e+00
   6.8765179772412044e-01   9.6614398959186900e+00
   7.0343023758740064e-01   9.6560454114763630e+00
   7.1941049519169753e-01   9.6508460106292802e+00
   7.3558823786767857e-01   9.6458482616457637e+00
   7.5195890201769711e-01   9.6410586592517067e+00
   7.6851769317841101e-01   9.6364836164639627e+00
   7.8525958636299631e-01   9.6321294563396833e+00
   8.0217932668947234e-01   9.6280024036517471e+00
   8.1927143030131211e-01   9.6241085765009995e+00
   8.3653018558612502e-01   9.6204539778765685e+00
   8.5394965469779005e-01   9.6170444871761767e+00
   8.7152367538694486e-01   9.6138858516989227e+00
   8.8924586314422505e-01   9.6109836781237341e+00
   9.0710961366008036e-01   9.6083434239873462e+00
   9.2510810560436196e-01   9.6059703891764130e+00
   9.4323430372817085e-01   9.6038697074491512e+00
   9.6148096228968416e-01   9.6020463380028112e+00
   9.7984062880479117e-01   9.6005050571041544e+00
   9.9830564812239531e-01   9.5992504498012412e+00
   1.0168681668231270e+00   9.5982869017359498e+00
   1.0355201379389454e+00   9.5976185910779925e+00
   1.0542533259896674e+00   9.5972494806027715e+00
   1.0730593123307939e+00   9.5971833099371011e+00
   1.0919295008050649e+00   9.5974235879990282e+00
   1.1108551236879061e+00   9.5979735856603448e+00
   1.1298272479142293e+00   9.5988363286634950e+00
   1.1488367815708431e+00   9.6000145908281311e+00
   1.1678744806348276e+00   9.6015108875871018e+00
   1.1869309559334815e+00   9.6033274698972146e+00
   1.2059966802955779e+00   9.6054663185771361e+00
   1.2250619958563302e+00   9.6079291391337058e+00
   1.2441171214691951e+00   9.6107173571493334e+00
   1.2631521601657749e+00   9.6138321143180399e+00
   1.2821571065897017e+00   9.6172742652371817e+00
   1.3011218543102041e+00   9.6210443750876689e+00
   1.3200362028941937e+00   9.6251427183703324e+00
   1.3388898645794707e+00   9.6295692789132286e+00
   1.3576724703419871e+00   9.6343237514299638e+00
   1.3763735750809802e+00   9.6394055450003417e+00
   1.3949826615478831e+00   9.6448137889746999e+00
   1.4134891425036280e+00   9.6505473419916026e+00
   1.4318823603807913e+00   9.6566048050771407e+00
   1.4501515834132874e+00   9.6629845402152057e+00
   1.4682859967112556e+00   9.6696846964308385e+00
   1.4862746859868166e+00   9.6767032464699803e+00
   1.5041066103668363e+00   9.6840380388746397e+00
   1.5217705585597257e+00   9.6916868731887611e+00
   1.5392550787679311e+00   9.6996476112839183e+00
   1.5565483654344203e+00   9.7079183477072526e+00
   1.5736380712241700e+00   9.7164976819104218e+00
   1.5905109806059499e+00   9.7253851787796073e+00
   1.6071524037781317e+00   9.7345822094813368e+00
   1.6235449326943638e+00   9.7440936598334549e+00
   1.6396654524922485e+00   9.7539320110095105e+00
   1.6554756179478112e+00   9.7641302956563791e+00
   1.6708586502541372e+00   9.7748272317512495e+00
   1.6850035707672284e+00   9.7869537652411669e+00
   1.6958397739232880e+00   9.8019855240188445e+00
   1.7023623570659847e+00   9.8192568437488319e+00
   1.7043949210093599e+00   9.8375475363516465e+00
   1.7021783412408906e+00   9.8557626260968725e+00
   1.6961732120652131e+00   9.8730490122600116e+00
   1.6869416220091460e+00   9.8887966856551408e+00
   1.6750695013163837e+00   9.9026078693407307e+00
   1.6611179694819114e+00   9.9142565282197523e+00
   1.6455959027094260e+00   9.9236480147015627e+00
   1.6289470123389080e+00   9.9307828787484560e+00
   1.6115468689211867e+00   9.9357270298888771e+00
   1.5937058549932206e+00   9.9385883625197540e+00
   1.5756752909985350e+00   9.9394991619773698e+00
   1.5576549387793448e+00   9.9386033406819436e+00
   1.5398007636558686e+00   9.9360475180111507e+00
   1.5222323073719279e+00   9.9319750476284803e+00
   1.5050393384328964e+00   9.9265222367698556e+00
   1.4882876461307102e+00   9.9198161511580469e+00
   1.4720239646195854e+00   9.9119735358678334e+00
   1.4562800802081455e+00   9.9031004982642230e+00
   1.4410762076243866e+00   9.8932926925402107e+00
   1.4264237325748201e+00   9.8826358181625036e+00
   1.4123274172670699e+00   9.8712062997866550e+00
   1.3987871583873943e+00   9.8590720572764834e+00
   1.3857993768687857e+00   9.8462933044492633e+00
   1.3733581077695181e+00   9.8329233366996487e+00
   1.3614558478973695e+00   9.8190092828644886e+00
   1.3500842090690583e+00   9.8045928072470687e+00
   1.3392344163409262e+00   9.7897107549003302e+00
   1.3288976832327672e+00   9.7743957380324638e+00
   1.3190654898271150e+00   9.7586766644538550e+00
   1.3097297845425204e+00   9.7425792108490690e+00
   1.3008831262129530e+00   9.7261262447052577e+00
   1.2925187797179452e+00   9.7093381992261723e+00
   1.2846307756710218e+00   9.6922334056973884e+00
   1.2772139424734117e+00   9.6748283876760137e+00
   1.2702639172780519e+00   9.6571381211476712e+00
   1.2637771410028407e+00   9.6391762644873289e+00
   1.2577508414133605e+00   9.6209553617198118e+00
   1.2521830074074747e+00   9.6024870222275140e+00
   1.2470723569313527e+00   9.5837820797138757e+00
   1.2424183004014124e+00   9.5648507329115287e+00
   1.2382209010693530e+00   9.5457026702289998e+00
   1.2344808334238619e+00   9.5263471802619843e+00
   1.2311993404533974e+00   9.5067932498543488e+00
   1.2283781903843001e+00   9.4870496511796993e+00
   1.2260196333451121e+00   9.4671250191247385e+00
   1.2241263582815607e+00   9.4470279200885638e+00
   1.2227014503494813e+00   9.4267669131657534e+00
   1.2217483489387910e+00   9.4063506045530829e+00
   1.2212708064255926e+00   9.3857876959080446e+00
   1.2212728477077084e+00   9.3650870272902402e+00
   1.2217587305483115e+00   9.3442576152321983e+00
   1.2227329067304020e+00   9.3233086864128580e+00
   1.2241999840097459e+00   9.3022497073433570e+00
   1.2261646888439939e+00   9.2810904104196226e+00
   1.2286318298698558e+00   9.2598408166485378e+00
   1.2316062620974246e+00   9.2385112553132274e+00
   1.2350928517903084e+00   9.2171123808072668e+00
   1.2390964420015218e+00   9.1956551868369250e+00
   1.2436218187376480e+00   9.1741510181639345e+00
   1.2486736777272480e+00   9.1526115800386219e+00
   1.2542565917735748e+00   9.1310489454535855e+00
   1.2603749786761262e+00   9.1094755603314130e+00
   1.2670330697102523e+00   9.0879042467458131e+00
   1.2742348786588149e+00   9.0663482042633721e+00
   1.2819841713946409e+00   9.0448210094832202e+00
   1.2902844360171482e+00   9.0233366138433215e+00
   1.2991388535510164e+00   9.0019093397553647e+00
   1.3085502692190181e+00   8.9805538751245813e+00
   1.3185211643051327e+00   8.9592852663065088e+00
   1.3290536286278056e+00   8.9381189095493898e+00
   1.3401493336466130e+00   8.9170705409685844e+00
   1.3518095062286859e+00   8.8961562250979025e+00
   1.3640349031040082e+00   8.8753923420620886e+00
   1.3768257860410815e+00   8.8547955734147639e+00
   1.3901818977764757e+00   8.8343828866868090e+00
   1.4041024387334362e+00   8.8141715186916301e+00
   1.4185860445659282e+00   8.7941789576356175e+00
   1.4337639649871272e+00   8.7745267099280007e+00
   1.4499699538165125e+00   8.7555258105101288e+00
   1.4672102851525897e+00   8.7372630281848025e+00
   1.4854141549373234e+00   8.7197583089764450e+00
   1.5045102621416573e+00   8.7030219000346349e+00
   1.5244326590924386e+00   8.6870605390146434e+00
   1.5451206769445427e+00   8.6718787160324791e+00
   1.5665183867193377e+00   8.6574793319836569e+00
   1.5885740581597716e+00   8.6438641819713027e+00
   1.6112396577106625e+00   8.6310343257108482e+00
   1.6344703896594783e+00   8.6189903690571370e+00
   1.6582242799294984e+00   8.6077326740703626e+00
   1.6824618007293863e+00   8.5972615116895170e+00
   1.7071455336203925e+00   8.5875771685118671e+00
   1.7322398682318096e+00   8.5786800170763868e+00
   1.7577107337254072e+00   8.5705705573272120e+00
   1.7835253601105103e+00   8.5632494355262736e+00
   1.8096520665942617e+00   8.5567174457392028e+00
   1.8360600742816857e+00   8.5509755180906719e+00
   1.8627193406928955e+00   8.5460246972372076e+00
   1.8896004137228557e+00   8.5418661139066572e+00
   1.9166743028200606e+00   8.5385009518790476e+00
   1.9439123652952408e+00   8.5359304124139896e+00
   1.9712862057824421e+00   8.5341556778498280e+00
   1.9987675869560706e+00   8.5331778758985504e+00
   2.0263283496520090e+00   8.5329980460310555e+00
   2.0539403405405663e+00   8.5336171092867392e+00
   2.0815753454432304e+00   8.5350358428509345e+00
   2.1092050262589797e+00   8.5372548608302683e+00
   2.1368008592479568e+00   8.5402746028328220e+00
   2.1643340720791313e+00   8.5440953322498689e+00
   2.1917755765374571e+00   8.5487171465745231e+00
   2.2190958930342779e+00   8.5541400027359842e+00
   2.2462650619638209e+00   8.5603637613618027e+00
   2.2732525353288224e+00   8.5673882552398126e+00
   2.3000270396485281e+00   8.5752133892490345e+00
   2.3265563975193007e+00   8.5838392820099525e+00
   2.3528072895775272e+00   8.5932664640404663e+00
   2.3787449297285526e+00   8.6034961542670381e+00
   2.4043326120487416e+00   8.6145306480396151e+00
   2.4295310634519196e+00   8.6263738684434514e+00
   2.4542974937008863e+00   8.6390321645813639e+00
   2.4785841565992466e+00   8.6525154972915956e+00
   2.5023360862998563e+00   8.6668392588144041e+00
   2.5254873650716196e+00   8.6820271819076229e+00
   2.5479545995861148e+00   8.6981162312112161e+00
   2.5696246501924240e+00   8.7151653413783841e+00
   2.5903293767173610e+00   8.7332720945016185e+00
   2.6097885423999925e+00   8.7526057637964918e+00
   2.6274806103997266e+00   8.7734605721811043e+00
   2.6424637708614345e+00   8.7962304354160707e+00
   2.6534676744914467e+00   8.8210681080595545e+00
   2.6594556242558287e+00   8.8474835508610656e+00
   2.6599699652676168e+00   8.8744962556591922e+00
   2.6550717474696990e+00   8.9010067730811784e+00
   2.6451715910165645e+00   8.9260278530539434e+00
   2.6308823514167128e+00   8.9487768234902934e+00
   2.6129100349068981e+00   8.9686931844369351e+00
   2.5919780398039949e+00   8.9854206899631102e+00
   2.5687780381051533e+00   8.9987746661399690e+00
   2.5439411423545861e+00   9.0087056193082109e+00
   2.5180237333205948e+00   9.0152648473322810e+00
   2.4915032935682948e+00   9.0185746721635436e+00
   2.4647806241870338e+00   9.0188043122684540e+00
   2.4381856880462442e+00   9.0161511863604229e+00
   2.4119853167194556e+00   9.0108261946818171e+00
   2.3863916824661566e+00   9.0030432642714100e+00
   2.3615706355714559e+00   8.9930121681648458e+00
   2.3376494426811143e+00   8.9809338070624065e+00
   2.3147237043003277e+00   8.9669973349562042e+00
   2.2928633746428080e+00   8.9513786321159561e+00
   2.2721178951706005e+00   8.9342397353044625e+00
   2.2525205029511071e+00   8.9157289262458601e+00
   2.2340917994533234e+00   8.8959812542631020e+00
   2.2168426738984710e+00   8.8751193285827696e+00
   2.2007766741667241e+00   8.8532542620355645e+00
   2.1858919118106588e+00   8.8304866830280400e+00
   2.1721825786956144e+00   8.8069077589142832e+00
   2.1596401428920227e+00   8.7826001931894524e+00
   2.1482542816978860e+00   8.7576391728791201e+00
   2.1380136006241135e+00   8.7320932524176271e+00
   2.1289061790926938e+00   8.7060251672255013e+00
   2.1209199765597995e+00   8.6794925749065968e+00
   2.1140431267611586e+00   8.6525487250950981e+00
   2.1082641427075743e+00   8.6252430609458486e+00
   2.1035720508311702e+00   8.5976217564156112e+00
   2.0999564691871071e+00   8.5697281940762338e+00
   2.0974076417437946e+00   8.5416033884130389e+00
   2.0959164384482851e+00   8.5132863595233026e+00
   2.0954743288450390e+00   8.4848144619324515e+00
   2.0960733354796632e+00   8.4562236729545628e+00
   2.0977059720700444e+00   8.4275488446837361e+00
   2.1003651704211661e+00   8.3988239233443380e+00
   2.1040441992516841e+00   8.3700821393709806e+00
   2.1087365774526350e+00   8.3413561712461473e+00
   2.1144359837808429e+00   8.3126782858022974e+00
   2.1211361645765492e+00   8.2840804573999876e+00
   2.1288308407660574e+00   8.2555944681256950e+00
   2.1375136151491798e+00   8.2272519909129578e+00
   2.1471778807644890e+00   8.1990846572768348e+00
   2.1578167309618763e+00   8.1711241111633530e+00
   2.1694228716829480e+00   8.1434020502505593e+00
   2.1819885363481055e+00   8.1159502558940648e+00
   2.1955054036691002e+00   8.0888006127856542e+00
   2.2099645186426371e+00   8.0619851192866374e+00
   2.2253562169305945e+00   8.0355358893064963e+00
   2.2416700527923865e+00   8.0094851465202730e+00
   2.2588947307025937e+00   7.9838652116537467e+00
   2.2770180407600242e+00   7.9587084835124156e+00
   2.2960267979712494e+00   7.9340474143875293e+00
   2.3159067854708808e+00   7.9099144804391130e+00
   2.3366427017212268e+00   7.8863421476313196e+00
   2.3582181117143501e+00   7.8633628337789645e+00
   2.3806154021790062e+00   7.8410088672555283e+00
   2.4038157407723539e+00   7.8193124429121488e+00
   2.4277990392108624e+00   7.7983055757641671e+00
   2.4525439202651862e+00   7.7780200530173556e+00
   2.4780276885088917e+00   7.7584873850304783e+00
   2.5042263046690838e+00   7.7397387558458286e+00
   2.5311143633765298e+00   7.7218049739663233e+00
   2.5586650740512642e+00   7.7047164241191446e+00
   2.5868502445839843e+00   7.6885030208251015e+00
   2.6156402673796419e+00   7.6731941646942472e+00
   2.6450041072121575e+00   7.6588187024979950e+00
   2.6749092901908345e+00   7.6454048922342990e+00
   2.7053218929497995e+00   7.6329803746167784e+00
   2.7362065309277823e+00   7.6215721526965794e+00
   2.7675263442873819e+00   7.6112065816890659e+00
   2.7992429796030645e+00   7.6019093715565322e+00
   2.8313165648858716e+00   7.5937056055363374e+00
   2.8637056747524396e+00   7.5866197786632430e+00
   2.8963672815007873e+00   7.5806758615056555e+00
   2.9292566863967782e+00   7.5758973959513423e+00
   2.9623274234056836e+00   7.5723076321391982e+00
   2.9955311246147271e+00   7.5699297188450476e+00
   3.0288173321928555e+00   7.5687869642657066e+00
   3.0621332351197470e+00   7.5689031909583342e+00
   3.0954232987416352e+00   7.5703032188979797e+00
   3.1286287391589056e+00   7.5730135262275668e+00
   3.1616867684044045e+00   7.5770631616983097e+00
   3.1945294927777867e+00   7.5824850219348106e+00
   3.2270822711869354e+00   7.5893176709376577e+00
   3.2592612045074718e+00   7.5976079873425872e+00
   3.2909691725122361e+00   7.6074151101566159e+00
   3.3220893383549441e+00   7.6188164715793434e+00
   3.3524740379305125e+00   7.6319172250925238e+00
   3.3819249360021275e+00   7.6468650370617706e+00
   3.4101565941298420e+00   7.6638719084598641e+00
   3.4367321211458410e+00   7.6832371322397037e+00
   3.4609747093501553e+00   7.7053316290286569e+00
   3.4819310524777025e+00   7.7304535077308687e+00
   3.4985198271386739e+00   7.7585556740679982e+00
   3.5098224888538274e+00   7.7890907264797704e+00
   3.5152854699206362e+00   7.8211247624385463e+00
   3.5147548921653717e+00   7.8535629966492957e+00
   3.5084140724651891e+00   7.8853334171464962e+00
   3.4966916662300940e+00   7.9154946263897248e+00
   3.4801726296633357e+00   7.9432841446336813e+00
