   0.0000000000000000e+00   1.0000000000000000e+01
   3.8259052769342096e-21   1.0000000000000000e+01
   7.8033838919816424e-09   9.9999999992248174e+00
   4.4698232352831901e-08   9.9999999861458626e+00
   1.3542691434749240e-07   9.9999999246614575e+00
   2.9348136053192331e-07   9.9999997508970484e+00
   5.0809197279327574e-07   9.9999993774743210e+00
   7.3555585983799009e-07   9.9999987020726895e+00
   8.9539340335358102e-07   9.9999976173173302e+00
   8.7048410588986805e-07   9.9999960198088260e+00
   5.0985313794083912e-07   9.9999938171477645e+00
  -3.6716484647020150e-07   9.9999909326133789e+00
  -1.9663726562199942e-06   9.9999873076516241e+00
  -4.5144234728182871e-06   9.9999829025697160e+00
  -8.2551647371955762e-06   9.9999776959036222e+00
  -1.3446761788881807e-05   9.9999716828961134e+00
  -2.0359607521960736e-05   9.9999648734486595e+00
  -2.9274941943206547e-05   9.9999572898241613e+00
  -4.0484066554233106e-05   9.9999489642969266e+00
  -5.4288027923159816e-05   9.9999399368793043e+00
  -7.0997651026651531e-05   9.9999302532028498e+00
  -9.0933817740868690e-05   9.9999199625944151e+00
  -1.1442790392082093e-04   9.9999091163619660e+00
  -1.4182230665168879e-04   9.9998977662883277e+00
  -1.7347100977671662e-04   9.9998859633210717e+00
  -2.0974014994858711e-04   9.9998737564414260e+00
  -2.5100855703153808e-04   9.9998611916927977e+00
  -2.9766825183321065e-04   9.9998483113491581e+00
  -3.5012489115436525e-04   9.9998351532043568e+00
  -4.0879815535084941e-04   9.9998217499648838e+00
  -4.7412207734295327e-04   9.9998081287302139e+00
  -5.4654531458927017e-04   9.9997943105467240e+00
  -6.2653136722962697e-04   9.9997803100227483e+00
  -7.1455874661402279e-04   9.9997661349939886e+00
  -8.1112109894923557e-04   9.9997517862297443e+00
  -9.1672728895219777e-04   9.9997372571718319e+00
  -1.0319014483084008e-03   9.9997225336989519e+00
  -1.1571829934777520e-03   9.9997075939103350e+00
  -1.2931266170319365e-03   9.9996924079232663e+00
  -1.4403022562925142e-03   9.9996769376797552e+00
  -1.5992950426009255e-03   9.9996611367583288e+00
  -1.7707052341136564e-03   9.9996449501874025e+00
  -1.9551481345937852e-03   9.9996283142571833e+00
  -2.1532540002742340e-03   9.9996111563275178e+00
  -2.3656679365041630e-03   9.9995933946294322e+00
  -2.5930497855610381e-03   9.9995749380584851e+00
  -2.8360740067177545e-03   9.9995556859583559e+00
  -3.0954295493959543e-03   9.9995355278933200e+00
  -3.3718197200117398e-03   9.9995143434085918e+00
  -3.6659620429258548e-03   9.9994920017776145e+00
  -3.9785881157445111e-03   9.9994683617357119e+00
  -4.3104434590764441e-03   9.9994432711995280e+00
  -4.6622873607337608e-03   9.9994165669719859e+00
  -5.0348927142658210e-03   9.9993880744325470e+00
  -5.4290458516343979e-03   9.9993576072126462e+00
  -5.8455463697722797e-03   9.9993249668563955e+00
  -6.2852069507137714e-03   9.9992899424665964e+00
  -6.7488531749431519e-03   9.9992523103363133e+00
  -7.2373233275733924e-03   9.9992118335662212e+00
  -7.7514681969415317e-03   9.9991682616680464e+00
  -8.2921508651873730e-03   9.9991213301545159e+00
  -8.8602464903677087e-03   9.9990707601161439e+00
  -9.4566420796479631e-03   9.9990162577853461e+00
  -1.0082236253106319e-02   9.9989575140883549e+00
  -1.0737938997681247e-02   9.9988942041853743e+00
  -1.1424671410791494e-02   9.9988259869995577e+00
  -1.2143365433157255e-02   9.9987525047352630e+00
  -1.2894963570352394e-02   9.9986733823861726e+00
  -1.3680418602619794e-02   9.9985882272338014e+00
  -1.4500693282484529e-02   9.9984966283369392e+00
  -1.5356760019703307e-02   9.9983981560126001e+00
  -1.6249600553092238e-02   9.9982923613090264e+00
  -1.7180205608779277e-02   9.9981787754713185e+00
  -1.8149574544432032e-02   9.9980569094002387e+00
  -1.9158714979016143e-02   9.9979262531047972e+00
  -2.0208642407644091e-02   9.9977862751491227e+00
  -2.1300379801079045e-02   9.9976364220942457e+00
  -2.2434957189463173e-02   9.9974761179353226e+00
  -2.3613411229844800e-02   9.9973047635349221e+00
  -2.4836784757083646e-02   9.9971217360528790e+00
  -2.6106126317718810e-02   9.9969263883733479e+00
  -2.7422489686389058e-02   9.9967180485296261e+00
  -2.8786933364400719e-02   9.9964960191273065e+00
  -3.0200520060043888e-02   9.9962595767663665e+00
  -3.1664316150263681e-02   9.9960079714627970e+00
  -3.3179391123299123e-02   9.9957404260703520e+00
  -3.4746817001908903e-02   9.9954561357030336e+00
  -3.6367667746809919e-02   9.9951542671589291e+00
  -3.8043018639961242e-02   9.9948339583460353e+00
  -3.9773945647334177e-02   9.9944943177106698e+00
  -4.1561524760816503e-02   9.9941344236691503e+00
  -4.3406831318907629e-02   9.9937533240433787e+00
  -4.5310939305869880e-02   9.9933500355009990e+00
  -4.7274920629011001e-02   9.9929235430007903e+00
  -4.9299844373782500e-02   9.9924727992440268e+00
  -5.1386776036388790e-02   9.9919967241324628e+00
  -5.3536776733613824e-02   9.9914942042336978e+00
  -5.5750902389583155e-02   9.9909640922546252e+00
  -5.8030202899191648e-02   9.9904052065237448e+00
  -6.0375721267940927e-02   9.9898163304830767e+00
  -6.2788492727943540e-02   9.9891962121904676e+00
  -6.5269543829866147e-02   9.9885435638330904e+00
  -6.7819891510599042e-02   9.9878570612529476e+00
  -7.0440542136455619e-02   9.9871353434851997e+00
  -7.3132490521722202e-02   9.9863770123101823e+00
  -7.5896718922396772e-02   9.9855806318199676e+00
  -7.8734196004973597e-02   9.9847447280003685e+00
  -8.1645875790150368e-02   9.9838677883292490e+00
  -8.4632696571355276e-02   9.9829482613921208e+00
  -8.7695579808012014e-02   9.9819845565158900e+00
  -9.0835428993484416e-02   9.9809750434217932e+00
  -9.4053128497664451e-02   9.9799180518984105e+00
  -9.7349542384192467e-02   9.9788118714958092e+00
  -1.0072551320232341e-01   9.9776547512418094e+00
  -1.0418186075347949e-01   9.9764448993813861e+00
  -1.0771938083255675e-01   9.9751804831402566e+00
  -1.1133884394408147e-01   9.9738596285137220e+00
  -1.1504099399334214e-01   9.9724804200818475e+00
  -1.1882654695265268e-01   9.9710409008520422e+00
  -1.2269618950293464e-01   9.9695390721301855e+00
  -1.2665057765083843e-01   9.9679728934214129e+00
  -1.3069033532165802e-01   9.9663402823616867e+00
  -1.3481605292832730e-01   9.9646391146813187e+00
  -1.3902828591682340e-01   9.9628672242016307e+00
  -1.4332755328833882e-01   9.9610224028658880e+00
  -1.4771433609862220e-01   9.9591024008057634e+00
  -1.5218907593492734e-01   9.9571049264444706e+00
  -1.5675217337104980e-01   9.9550276466378236e+00
  -1.6140398640097312e-01   9.9528681868544613e+00
  -1.6614482885168719e-01   9.9506241313964132e+00
  -1.7097496877578805e-01   9.9482930236613161e+00
  -1.7589462682450932e-01   9.9458723664474817e+00
  -1.8090397460188562e-01   9.9433596223031095e+00
  -1.8600313300079110e-01   9.9407522139208737e+00
  -1.9119217052164744e-01   9.9380475245791651e+00
  -1.9647110157464262e-01   9.9352428986312411e+00
  -2.0183988476635303e-01   9.9323356420435740e+00
  -2.0729842117171160e-01   9.9293230229846419e+00
  -2.1284655259231738e-01   9.9262022724654315e+00
  -2.1848405980213370e-01   9.9229705850329033e+00
  -2.2421066078167828e-01   9.9196251195177112e+00
  -2.3002600894186043e-01   9.9161629998373790e+00
  -2.3592969133867794e-01   9.9125813158561940e+00
  -2.4192122688004300e-01   9.9088771243030624e+00
  -2.4800006452606144e-01   9.9050474497485119e+00
  -2.5416558148415058e-01   9.9010892856420742e+00
  -2.6041708140043685e-01   9.8969995954112129e+00
  -2.6675379254893528e-01   9.8927753136229857e+00
  -2.7317486602007229e-01   9.8884133472095765e+00
  -2.7967937391017350e-01   9.8839105767588258e+00
  -2.8626630751359938e-01   9.8792638578708818e+00
  -2.9293457551927249e-01   9.8744700225820168e+00
  -2.9968300221340305e-01   9.8695258808566795e+00
  -3.0651032569027881e-01   9.8644282221488009e+00
  -3.1341519607305024e-01   9.8591738170333194e+00
  -3.2039617374650342e-01   9.8537594189088882e+00
  -3.2745172760387387e-01   9.8481817657726758e+00
  -3.3458023330981962e-01   9.8424375820680989e+00
  -3.4177997158173123e-01   9.8365235806063449e+00
  -3.4904912649162201e-01   9.8304364645624425e+00
  -3.5638578379089936e-01   9.8241729295466129e+00
  -3.6378792926038261e-01   9.8177296657515694e+00
  -3.7125344708799357e-01   9.8111033601763999e+00
  -3.7878011827660424e-01   9.8042906989275824e+00
  -3.8636561908458761e-01   9.7972883695976378e+00
  -3.9400751950167601e-01   9.7900930637218764e+00
  -4.0170328176278991e-01   9.7827014793135767e+00
  -4.0945025890255421e-01   9.7751103234779357e+00
  -4.1724569335327966e-01   9.7673163151049938e+00
  -4.2508671558923716e-01   9.7593161876417120e+00
  -4.3297034282010821e-01   9.7511066919432672e+00
  -4.4089347773654441e-01   9.7426845992035584e+00
  -4.4885290731082156e-01   9.7340467039648431e+00
  -4.5684530165561987e-01   9.7251898272063251e+00
  -4.6486721294400629e-01   9.7161108195114405e+00
  -4.7291507439374375e-01   9.7068065643134478e+00
  -4.8098519931908917e-01   9.6972739812189239e+00
  -4.8907378025328307e-01   9.6875100294085463e+00
  -4.9717688814497168e-01   9.6775117111145512e+00
  -5.0529047163183316e-01   9.6672760751740920e+00
  -5.1341035639471577e-01   9.6568002206576367e+00
  -5.2153224459561509e-01   9.6460813005713852e+00
  -5.2965171440285497e-01   9.6351165256326841e+00
  -5.3776421960684551e-01   9.6239031681171578e+00
  -5.4586508932981848e-01   9.6124385657762730e+00
  -5.5394952783294815e-01   9.6007201258238819e+00
  -5.6201261442428219e-01   9.5887453289901483e+00
  -5.7004930347090821e-01   9.5765117336411940e+00
  -5.7805442451878675e-01   9.5640169799626129e+00
  -5.8602268252367573e-01   9.5512587942049194e+00
  -5.9394865819657139e-01   9.5382349929888228e+00
  -6.0182680846706793e-01   9.5249434876681391e+00
  -6.0965146706803330e-01   9.5113822887479476e+00
  -6.1741684524496898e-01   9.4975495103555563e+00
  -6.2511703259339568e-01   9.4834433747615847e+00
  -6.3274599802757803e-01   9.4690622169484602e+00
  -6.4029759088386151e-01   9.4544044892233874e+00
  -6.4776554216184568e-01   9.4394687658727570e+00
  -6.5514346590658068e-01   9.4242537478548343e+00
  -6.6242486073490203e-01   9.4087582675273644e+00
  -6.6960311150897267e-01   9.3929812934066650e+00
  -6.7667149116002145e-01   9.3769219349546020e+00
  -6.8362316266519663e-01   9.3605794473897177e+00
  -6.9045118118037174e-01   9.3439532365186171e+00
  -6.9714849633165388e-01   9.3270428635836353e+00
  -7.0370795466824432e-01   9.3098480501226160e+00
  -7.1012230227920803e-01   9.2923686828365604e+00
  -7.1638418757658873e-01   9.2746048184607321e+00
  -7.2248616424720080e-01   9.2565566886347064e+00
  -7.2842069437529378e-01   9.2382247047667061e+00
  -7.3418015173816842e-01   9.2196094628874938e+00
  -7.3975682527667042e-01   9.2007117484889402e+00
  -7.4514292274235294e-01   9.1815325413422784e+00
  -7.5033057452293950e-01   9.1620730202909968e+00
  -7.5531183764756360e-01   9.1423345680131991e+00
  -7.6007869997308619e-01   9.1223187757481696e+00
  -7.6462308455262473e-01   9.1020274479818060e+00
  -7.6893685418723601e-01   9.0814626070855518e+00
  -7.7301181616151415e-01   9.0606264979033302e+00
  -7.7683972716365868e-01   9.0395215922810142e+00
  -7.8041229839036941e-01   9.0181505935328286e+00
  -7.8372120083671093e-01   8.9965164408391800e+00
  -7.8675807077087012e-01   8.9746223135702579e+00
  -7.8951451539350836e-01   8.9524716355298910e+00
  -7.9198211868117541e-01   8.9300680791140241e+00
  -7.9415244741301783e-01   8.9074155693783368e+00
  -7.9601705737976969e-01   8.8845182880094917e+00
  -7.9756749977376529e-01   8.8613806771945889e+00
  -7.9879532775846140e-01   8.8380074433835549e+00
  -7.9969210321569673e-01   8.8144035609391764e+00
  -8.0024940366865704e-01   8.7905742756698100e+00
  -8.0045882937824542e-01   8.7665251082397671e+00
  -8.0031201061029433e-01   8.7422618574527320e+00
  -7.9980061507078015e-01   8.7177906034036745e+00
  -7.9891635550593076e-01   8.6931177104950699e+00
  -7.9765099746385282e-01   8.6682498303134405e+00
  -7.9599636721402034e-01   8.6431939043626400e+00
  -7.9394435982071010e-01   8.6179571666506298e+00
  -7.9148694736619163e-01   8.5925471461269236e+00
  -7.8861618731923000e-01   8.5669716689683604e+00
  -7.8532423104419102e-01   8.5412388607113634e+00
  -7.8160333244579983e-01   8.5153571482294357e+00
  -7.7744585674435851e-01   8.4893352615552722e+00
  -7.7284428937600669e-01   8.4631822355476487e+00
  -7.6779124501239360e-01   8.4369074114038920e+00
  -7.6227947669393459e-01   8.4105204380197858e+00
  -7.5630188507065144e-01   8.3840312731996214e+00
  -7.4985152774444308e-01   8.3574501847201770e+00
  -7.4292162870650991e-01   8.3307877512536717e+00
  -7.3550558786356579e-01   8.3040548631559421e+00
  -7.2759699064641314e-01   8.2772627231275990e+00
  -7.1918961769445400e-01   8.2504228467575356e+00
  -7.1027745460974456e-01   8.2235470629598684e+00
  -7.0085470177430431e-01   8.1966475143173945e+00
  -6.9091578422455624e-01   8.1697366573468386e+00
  -6.8045536157702269e-01   8.1428272627035483e+00
  -6.6946833799973582e-01   8.1159324153460002e+00
  -6.5794987222426726e-01   8.0890655146834796e+00
  -6.4589538759384602e-01   8.0622402747336288e+00
  -6.3330058214373786e-01   8.0354707243203052e+00
  -6.2016143871094120e-01   8.0087712073463315e+00
  -6.0647423507131148e-01   7.9821563831804454e+00
  -5.9223555410352846e-01   7.9556412272029986e+00
  -5.7744229398087588e-01   7.9292410315608830e+00
  -5.6209167839367458e-01   7.9029714061888310e+00
  -5.4618126680745149e-01   7.8768482801618154e+00
  -5.2970896476459872e-01   7.8508879034518380e+00
  -5.1267303424046851e-01   7.8251068491721227e+00
  -4.9507210406864999e-01   7.7995220164028112e+00
  -4.7690518045470892e-01   7.7741506337049247e+00
  -4.5817165760307765e-01   7.7490102634438687e+00
  -4.3887132848824328e-01   7.7241188070603357e+00
  -4.1900439580910398e-01   7.6994945114456668e+00
  -3.9857148317462343e-01   7.6751559766007773e+00
  -3.7757364658002202e-01   7.6511221647833585e+00
  -3.5601238624613202e-01   7.6274124113777484e+00
  -3.3388965891068878e-01   7.6040464377563799e+00
  -3.1120789067989446e-01   7.5810443664420664e+00
  -2.8796999057234529e-01   7.5584267389276283e+00
  -2.6417936491638250e-01   7.5362145365647972e+00
  -2.3983993279736660e-01   7.5144292049996917e+00
  -2.1495614279491881e-01   7.4930926827093058e+00
  -1.8953299130388879e-01   7.4722274342849992e+00
  -1.6357604279936455e-01   7.4518564892176267e+00
  -1.3709145248888610e-01   7.4320034870685889e+00
  -1.1008599189864046e-01   7.4126927300660581e+00
  -8.2567078070652472e-02   7.3939492443512940e+00
  -5.4542807212531422e-02   7.3757988513232533e+00
  -2.6021993850336558e-02   7.3582682507984396e+00
   2.9857831979373133e-03   7.3413851180273912e+00
   3.2470126367889263e-02   7.3251782170010635e+00
   6.2419754309878867e-02   7.3096775329541472e+00
   9.2822423586980271e-02   7.2949144275451427e+00
   1.2366483367795535e-01   7.2809218208826687e+00
   1.5493251086417884e-01   7.2677344053972543e+00
   1.8660966526990130e-01   7.2553888975452621e+00
   2.1867901358372435e-01   7.2439243344947890e+00
   2.5112155766019090e-01   7.2333824242845584e+00
   2.8391630607213936e-01   7.2238079594406130e+00
   3.1703992146835586e-01   7.2152493055994089e+00
   3.5046627089937388e-01   7.2077589781256490e+00
   3.8416584859825137e-01   7.2013943206311284e+00
   4.1810503040398078e-01   7.1962182989282582e+00
   4.5224510535765144e-01   7.1923004208656751e+00
   4.8654101229786895e-01   7.1897177841395488e+00
   5.2093968728916351e-01   7.1885562361137048e+00
   5.5537790256942043e-01   7.1889115944921915e+00
   5.8977945388400721e-01   7.1908908136599248e+00
   6.2405154218030989e-01   7.1946128719188813e+00
   6.5808022257424392e-01   7.2002089802235218e+00
   6.9172490415769738e-01   7.2078214621257946e+00
   7.2481214796674964e-01   7.2176003534623732e+00
   7.5712949871410973e-01   7.2296965354175260e+00
   7.8842079672749132e-01   7.2442503066962027e+00
   8.1838513959695058e-01   7.2613750830831583e+00
   8.4668189270352334e-01   7.2811375752628749e+00
   8.7294328815050160e-01   7.3035378958055759e+00
   8.9679409855789283e-01   7.3284943891707135e+00
   9.1787545763110756e-01   7.3558373970410891e+00
   9.3586845264017293e-01   7.3853136884240111e+00
   9.5051337516662171e-01   7.4166002528946624e+00
   9.6162210477637888e-01   7.4493240919304853e+00
   9.6908303120487038e-01   7.4830841299604591e+00
   9.7285940665583293e-01   7.5174720334683869e+00
   9.7298279190763748e-01   7.5520898796224323e+00
   9.6954342558372897e-01   7.5865637284211065e+00
   9.6267914017997747e-01   7.6205529838446857e+00
   9.5256408095649514e-01   7.6537559432270266e+00
   9.3939809198226631e-01   7.6859121871079914e+00
   9.2339728921864506e-01   7.7168025343980826e+00
   9.0478607087102825e-01   7.7462472511363547e+00
   8.8379062238788164e-01   7.7741031085153542e+00
   8.6063384742387494e-01   7.8002597724614677e+00
   8.3553158260408333e-01   7.8246358941334249e+00
   8.0869006902830609e-01   7.8471753543557803e+00
   7.8030437467050306e-01   7.8678438251521774e+00
   7.5055694319486721e-01   7.8866248661978346e+00
   7.1961707594866753e-01   7.9035166037221769e+00
   6.8764095289057270e-01   7.9185288728080589e+00
   6.5477198289088612e-01   7.9316807405275567e+00
   6.2114137898446531e-01   7.9429983859247342e+00
   5.8686888067768994e-01   7.9525133096589018e+00
   5.5206356312334059e-01   7.9602608413590588e+00
   5.1682468746862242e-01   7.9662789107825667e+00
   4.8124255854529219e-01   7.9706070491372056e+00
   4.4539936560379195e-01   7.9732855886280296e+00
   4.0936998931039714e-01   7.9743550308276356e+00
   3.7322276404682353e-01   7.9738555574150052e+00
   3.3702018897594277e-01   7.9718266598954557e+00
   3.0081958463385705e-01   7.9683068679149009e+00
   2.6467369420953779e-01   7.9633335586011924e+00
   2.2863123037345975e-01   7.9569428319412712e+00
   1.9273736967668276e-01   7.9491694395073473e+00
   1.5703419729151102e-01   7.9400467558743006e+00
   1.2156110530778183e-01   7.9296067838341067e+00
   8.6355148016500072e-02   7.9178801860302226e+00
   5.1451357668321311e-02   7.9048963369286991e+00
   1.6883024136960655e-02   7.8906833901381859e+00
  -1.7318058216082188e-02   7.8752683570123816e+00
  -5.1121373361373040e-02   7.8586771932392452e+00
  -8.4497493202296575e-02   7.8409348907627070e+00
  -1.1741791127681014e-01   7.8220655729139050e+00
  -1.4985489810684266e-01   7.8020925910670949e+00
  -1.8178137596403421e-01   7.7810386214950453e+00
  -2.1317081103320576e-01   7.7589257613927973e+00
  -2.4399712115525524e-01   7.7357756232778740e+00
  -2.7423459751737217e-01   7.7116094271688507e+00
  -3.0385783882978562e-01   7.6864480901003702e+00
  -3.3284169668461006e-01   7.6603123126578021e+00
  -3.6116123093408958e-01   7.6332226623143562e+00
  -3.8879167405332765e-01   7.6051996534322983e+00
  -4.1570840356725897e-01   7.5762638238515514e+00
  -4.4188692172413585e-01   7.5464358080369154e+00
  -4.6730284168913394e-01   7.5157364067918433e+00
  -4.9193187961282442e-01   7.4841866535743602e+00
  -5.1574985200117252e-01   7.4518078774713086e+00
  -5.3873267787731538e-01   7.4186217629018163e+00
  -5.6085638528150072e-01   7.3846504061313070e+00
  -5.8209712170503092e-01   7.3499163686841227e+00
  -6.0243116809757680e-01   7.3144427277471591e+00
  -6.2183495612548201e-01   7.2782531236590380e+00
  -6.4028508839226395e-01   7.2413718045802922e+00
  -6.5775836136199417e-01   7.2038236684398633e+00
  -6.7423179075210349e-01   7.1656343022525624e+00
  -6.8968263918485095e-01   7.1268300189012077e+00
  -7.0408844590663722e-01   7.0874378914762630e+00
  -7.1742705840189402e-01   7.0474857852650228e+00
  -7.2967666574377865e-01   7.0070023874821938e+00
  -7.4081583353766067e-01   6.9660172348339451e+00
  -7.5082354032567966e-01   6.9245607390085091e+00
  -7.5967921533174421e-01   6.8826642101882785e+00
  -7.6736277743648085e-01   6.8403598786811601e+00
  -7.7385467528106777e-01   6.7976809147728527e+00
  -7.7913592840781409e-01   6.7546614469068187e+00
  -7.8318816935401459e-01   6.7113365783052590e+00
  -7.8599368662423552e-01   6.6677424021522658e+00
  -7.8753546847500711e-01   6.6239160154699839e+00
  -7.8779724745516588e-01   6.5798955318299672e+00
  -7.8676354565504691e-01   6.5357200930552874e+00
  -7.8441972062870469e-01   6.4914298800845796e+00
  -7.8075201196561406e-01   6.4470661231872519e+00
  -7.7574758850229708e-01   6.4026711117399016e+00
  -7.6939459618041817e-01   6.3582882037979207e+00
  -7.6168220657663155e-01   6.3139618357236298e+00
  -7.5260066615141519e-01   6.2697375321636937e+00
  -7.4214134629001993e-01   6.2256619167042935e+00
  -7.3029679423934213e-01   6.1817827235734955e+00
  -7.1706078508103632e-01   6.1381488108069053e+00
  -7.0242837492478050e-01   6.0948101753459554e+00
  -6.8639595555785260e-01   6.0518179705990525e+00
  -6.6896131084996169e-01   6.0092245270651601e+00
  -6.5012367528797821e-01   5.9670833766987794e+00
  -6.2988379510673920e-01   5.9254492817856663e+00
  -6.0824399259312334e-01   5.8843782692019584e+00
  -5.8520823427566071e-01   5.8439276710469859e+00
  -5.6078220387676758e-01   5.8041561727738831e+00
  -5.3497338110649340e-01   5.7651238700940208e+00
  -5.0779112762449563e-01   5.7268923361027735e+00
  -4.7924678180227448e-01   5.6895247002668814e+00
  -4.4935376429502949e-01   5.6530857411281339e+00
  -4.1812769690020457e-01   5.6176419948139342e+00
  -3.8558653776117996e-01   5.5832618816998112e+00
  -3.5175073669911688e-01   5.5500158538359354e+00
  -3.1664341536091883e-01   5.5179765660173397e+00
  -2.8029057800344054e-01   5.4872190736251669e+00
  -2.4272136015183784e-01   5.4578210605593389e+00
  -2.0396832414526028e-01   5.4298631006655915e+00
  -1.6406781280291438e-01   5.4034289559437640e+00
  -1.2306037520985559e-01   5.3786059143723506e+00
  -8.0991282048319513e-02   5.3554851691859184e+00
  -3.7911152102072597e-02   5.3341622395786832e+00
   6.1232833681894600e-03   5.3147374296026593e+00
   5.1048245714702054e-02   5.2973163167819335e+00
   9.6791764059966812e-02   5.2820102536651889e+00
   1.4327227405393478e-01   5.2689368527748410e+00
   1.9039690734679604e-01   5.2582204062762550e+00
   2.3805941508878792e-01   5.2499921638138076e+00
   2.8613767108046873e-01   5.2443903526819522e+00
   3.3449071445034889e-01   5.2415597716230504e+00
   3.8295532680226585e-01   5.2416507228873135e+00
   4.3134220674041801e-01   5.2448169716048891e+00
   4.7943191924503115e-01   5.2512123515569700e+00
   5.2697096856597192e-01   5.2609856018979153e+00
   5.7366856659700849e-01   5.2742730683915742e+00
   6.1919490904899277e-01   5.2911890951511555e+00
   6.6318194991322532e-01   5.3118143152850541e+00
   7.0522766254737479e-01   5.3361826094530382e+00
   7.4490447890343214e-01   5.3642681249905841e+00
   7.8177197391928321e-01   5.3959742162065361e+00
   8.1539302550239379e-01   5.4311262381025163e+00
   8.4535188550348739e-01   5.4694696778103467e+00
   8.7127212335894000e-01   5.5106742336159638e+00
   8.9283241070095909e-01   5.5543434292218032e+00
   9.0977856603066776e-01   5.6000284991794116e+00
   9.2193098580538058e-01   5.6472448070035064e+00
   9.2918732442391916e-01   5.6954889960629380e+00
   9.3152087956483209e-01   5.7442553286381690e+00
   9.2897551378319965e-01   5.7930500927085635e+00
   9.2165810068126164e-01   5.8414034156131276e+00
   9.0972947202203214e-01   5.8888782299884088e+00
   8.9339472204568404e-01   5.9350764480115590e+00
   8.7289355209295505e-01   5.9796426069868147e+00
   8.4849115333271552e-01   6.0222653646276942e+00
   8.2046995377588072e-01   6.0626772663575332e+00
   7.8912266521123475e-01   6.1006534188835033e+00
   7.5474651388542413e-01   6.1360094652718500e+00
   7.1763752747046983e-01   6.1685980939269456e+00
   6.7808642221433590e-01   6.1983054401499249e+00
   6.3637559079701078e-01   6.2250474708473122e+00
   5.9277692213008970e-01   6.2487664198040882e+00
   5.4755031664422282e-01   6.2694273759543870e+00
   5.0094277610698790e-01   6.2870150976689647e+00
   4.5318795725946148e-01   6.3015310972015568e+00
   4.0450609066825299e-01   6.3129910168092485e+00
   3.5510417928437155e-01   6.3214223013098376e+00
   3.0517640423410980e-01   6.3268621599729720e+00
   2.5490467764725228e-01   6.3293558026758534e+00
   2.0445929345910629e-01   6.3289549303095880e+00
   1.5399963692273608e-01   6.3257164567507553e+00
   1.0367492199749131e-01   6.3197014387006316e+00
   5.3624932891859087e-02   6.3109741898511320e+00
   3.9807519384339931e-03   6.2996015567801766e+00
  -4.5134539201295718e-02   6.2856523354195692e+00
  -9.3605194123347862e-02   6.2691968086599434e+00
  -1.4132217809923056e-01   6.2503063875061180e+00
  -1.8818258995514264e-01   6.2290533400584112e+00
  -2.3408913118766170e-01   6.2055105944063458e+00
  -2.7894962268808882e-01   6.1797516032243340e+00
  -3.2267656841076792e-01   6.1518502594351112e+00
  -3.6518676457482296e-01   6.1218808537389533e+00
  -4.0640095247269759e-01   6.0899180660931886e+00
  -4.4624351262184958e-01   6.0560369843704667e+00
  -4.8464219779669354e-01   6.0203131444333033e+00
  -5.2152790238313862e-01   5.9828225867466989e+00
  -5.5683446548131332e-01   5.9436419254214998e+00
  -5.9049850522237124e-01   5.9028484262503236e+00
  -6.2245928184626098e-01   5.8605200908770714e+00
  -6.5265858719642511e-01   5.8167357447410817e+00
  -6.8104065841494699e-01   5.7715751268684095e+00
  -7.0755211376056559e-01   5.7251189799547850e+00
  -7.3214190861698425e-01   5.6774491395062245e+00
  -7.5476130990640000e-01   5.6286486210815099e+00
  -7.7536388727073702e-01   5.5788017049229479e+00
  -7.9390551952929811e-01   5.5279940174736728e+00
  -8.1034441506585675e-01   5.4763126094669499e+00
  -8.2464114494065366e-01   5.4238460304399645e+00
  -8.3675868766397632e-01   5.3706843996758575e+00
  -8.4666248470914973e-01   5.3169194737166903e+00
  -8.5432050598538378e-01   5.2626447107202479e+00
  -8.5970332463715382e-01   5.2079553320576704e+00
  -8.6278420068910389e-01   5.1529483816696864e+00
  -8.6353917321699192e-01   5.0977227838188997e+00
  -8.6194716089961332e-01   5.0423793999960740e+00
  -8.5799007099842794e-01   4.9870210858615920e+00
  -8.5165291702607404e-01   4.9317527492302746e+00
  -8.4292394560855854e-01   4.8766814102396800e+00
  -8.3179477332643081e-01   4.8219162649790723e+00
  -8.1826053464713999e-01   4.7675687539978178e+00
  -8.0232004244554023e-01   4.7137526372565262e+00
  -7.8397596306614026e-01   4.6605840772281271e+00
  -7.6323500842626424e-01   4.6081817319934997e+00
  -7.4010814831450999e-01   4.5566668602976517e+00
  -7.1461084682886145e-01   4.5061634406230624e+00
  -6.8676332785366401e-01   4.4567983063745897e+00
  -6.5659087563021423e-01   4.4087012992224688e+00
  -6.2412417787374408e-01   4.3620054424685524e+00
  -5.8939972057754286e-01   4.3168471359167118e+00
  -5.5246024567455820e-01   4.2733663730419407e+00
  -5.1335528515009787e-01   4.2317069801228433e+00
  -4.7214178806125773e-01   4.1920168752299425e+00
  -4.2888486024336581e-01   4.1544483422706717e+00
  -3.8365864024963914e-01   4.1191583113005557e+00
  -3.3654733916996726e-01   4.0863086305063501e+00
  -2.8764647614943217e-01   4.0560663069774492e+00
  -2.3706434516556255e-01   4.0286036817547721e+00
  -1.8492375101243730e-01   4.0040984886651767e+00
  -1.3136405195787304e-01   3.9827337250164669e+00
  -7.6543540795386000e-02   3.9646972343832902e+00
  -2.0642181466646328e-02   3.9501808670872327e+00
   3.6135309784831718e-02   3.9393790435945770e+00
   9.3556097697054474e-02   3.9324865036294576e+00
   1.5135570864613612e-01   3.9296949874491256e+00
   2.0923459600202352e-01   3.9311885797663813e+00
   2.6685516071778331e-01   3.9371374726339274e+00
   3.2383974636869678e-01   3.9476899975834376e+00
   3.7977026124358637e-01   3.9629629635131525e+00
   4.3419014849751919e-01   3.9830306231302344e+00
   4.8660936872629035e-01   4.0079129515570369e+00
   5.3651282920665255e-01   4.0375642853525875e+00
   5.8337228446291145e-01   4.0718636307220732e+00
   6.2666120343223342e-01   4.1106079951884009e+00
