   0.0000000000000000e+00   1.4623224570781752e+00
   1.0000000000000001e-01   1.2859684579568837e+01
   2.0000000000000001e-01   5.4526185561770912e+00
   3.0000000000000004e-01   4.2691570052621115e+00
   4.0000000000000002e-01   5.9665169098157822e+00
   5.0000000000000000e-01   4.6370630310115475e+00
   6.0000000000000009e-01   3.6042386707726761e+00
   7.0000000000000007e-01   3.2052119813082633e+00
   8.0000000000000004e-01   2.6890405162403308e+00
   9.0000000000000002e-01   5.7400442954370368e+00
   1.0000000000000000e+00   5.0368134271325591e+00
   1.1000000000000001e+00   4.4376663121777575e+00
   1.2000000000000002e+00   4.5811242614463517e+00
   1.3000000000000000e+00   5.0970838166361050e+00
   1.4000000000000001e+00   4.7264986345723985e+00
   1.5000000000000000e+00   4.6014895468442791e+00
   1.6000000000000001e+00   5.0678677144841071e+00
   1.7000000000000002e+00   5.1231542746331105e+00
   1.8000000000000000e+00   4.8733948855687022e+00
   1.9000000000000001e+00   4.5603796922630844e+00
   2.0000000000000000e+00   4.3272477144139065e+00
   2.1000000000000001e+00   5.6245639175840445e+00
   2.2000000000000002e+00   5.5937147605903279e+00
   2.3000000000000003e+00   5.7563630468425400e+00
   2.4000000000000004e+00   5.6487615836884126e+00
   2.5000000000000000e+00   6.5803444617102338e+00
   2.6000000000000001e+00   6.3721930406000835e+00
   2.7000000000000002e+00   7.0563200208874415e+00
   2.8000000000000003e+00   7.6589833473705911e+00
   2.9000000000000004e+00   7.3219824865466885e+00
   3.0000000000000000e+00   7.1432154633871550e+00
   3.1000000000000001e+00   7.2487049122714540e+00
   3.2000000000000002e+00   7.7153002934902171e+00
   3.3000000000000003e+00   8.8250527438006401e+00
   3.4000000000000004e+00   9.5706311511385049e+00
   3.5000000000000000e+00   9.2451510052387000e+00
   3.6000000000000001e+00   9.0344669851895922e+00
   3.7000000000000002e+00   8.7215510514324066e+00
   3.8000000000000003e+00   9.1500763290242535e+00
   3.9000000000000004e+00   8.8690994009702440e+00
   4.0000000000000000e+00   8.5992538482099228e+00
   4.1000000000000005e+00   8.3273896392444637e+00
   4.2000000000000002e+00   8.2747981433320383e+00
   4.2999999999999998e+00   8.0343073455782168e+00
   4.4000000000000004e+00   7.8205740975285023e+00
   4.5000000000000000e+00   7.5868867862083098e+00
   4.6000000000000005e+00   7.4340348687925539e+00
   4.7000000000000002e+00   8.4429410415183437e+00
   4.8000000000000007e+00   8.2411149329336677e+00
   4.9000000000000004e+00   8.1261585588040450e+00
   5.0000000000000000e+00   8.4849652561141884e+00
   5.1000000000000005e+00   8.5708030779368265e+00
   5.2000000000000002e+00   8.8214752886596468e+00
   5.3000000000000007e+00   8.9016786455839760e+00
   5.4000000000000004e+00   8.6890231713938970e+00
   5.5000000000000000e+00   8.6287779036263856e+00
   5.6000000000000005e+00   8.4672432910536308e+00
   5.7000000000000002e+00   8.2858423166337776e+00
   5.8000000000000007e+00   9.1965022533168224e+00
   5.9000000000000004e+00   9.0335687830938394e+00
   6.0000000000000000e+00   9.5216799871349664e+00
   6.1000000000000005e+00   1.0388211742423211e+01
   6.2000000000000002e+00   1.0630330707097940e+01
   6.3000000000000007e+00   1.1635698738079560e+01
   6.4000000000000004e+00   1.2135786138737094e+01
   6.5000000000000000e+00   1.2393732450379236e+01
   6.6000000000000005e+00   1.2488352159635278e+01
   6.7000000000000002e+00   1.2320492270367343e+01
   6.8000000000000007e+00   1.2104705654521384e+01
   6.9000000000000004e+00   1.1923628070190942e+01
   7.0000000000000000e+00   1.2000747186348921e+01
   7.1000000000000005e+00   1.1883025752428013e+01
   7.2000000000000002e+00   1.1715424702451028e+01
   7.3000000000000007e+00   1.1517687293798708e+01
   7.4000000000000004e+00   1.1982266118841119e+01
   7.5000000000000000e+00   1.1869952624889564e+01
   7.6000000000000005e+00   1.1687929081279536e+01
   7.7000000000000002e+00   1.1501856517550502e+01
   7.8000000000000007e+00   1.1389627537138008e+01
   7.9000000000000004e+00   1.1277757531195642e+01
   8.0000000000000000e+00   1.1203569140798061e+01
   8.0999999999999996e+00   1.1066050582762244e+01
   8.2000000000000011e+00   1.0986177443041647e+01
   8.3000000000000007e+00   1.0883710048054144e+01
   8.4000000000000004e+00   1.0766951674658550e+01
   8.5000000000000000e+00   1.0646723741995752e+01
   8.5999999999999996e+00   1.0604355286012170e+01
   8.7000000000000011e+00   1.0570330678471946e+01
   8.8000000000000007e+00   1.0726884978993125e+01
   8.9000000000000004e+00   1.1148443185326792e+01
   9.0000000000000000e+00   1.1436872101695942e+01
   9.0999999999999996e+00   1.1418658732451359e+01
   9.2000000000000011e+00   1.1278418039186231e+01
   9.3000000000000007e+00   1.1140157055671869e+01
   9.4000000000000004e+00   1.1366075791306892e+01
   9.5000000000000000e+00   1.1698303672851853e+01
   9.6000000000000014e+00   1.1643694754266262e+01
   9.7000000000000011e+00   1.1617480625853347e+01
   9.8000000000000007e+00   1.1478547645161376e+01
   9.9000000000000004e+00   1.1392203290299863e+01
