   0.0000000000000000e+00   1.4885585468098590e+00
   1.0000000000000001e-01   6.7044171101662275e-03
   2.0000000000000001e-01   0.0000000000000000e+00
   3.0000000000000004e-01   4.6119174033575696e+00
   4.0000000000000002e-01   3.0598287985668806e+00
   5.0000000000000000e-01   3.7401876375340404e+00
   6.0000000000000009e-01   3.9479922417142097e+00
   7.0000000000000007e-01   4.3209692956760488e+00
   8.0000000000000004e-01   9.3552466436348567e+00
   9.0000000000000002e-01   9.3563983589247570e+00
   1.0000000000000000e+00   8.3062530476634109e+00
   1.1000000000000001e+00   7.3299710129577447e+00
   1.2000000000000002e+00   6.5704906576083060e+00
   1.3000000000000000e+00   5.9041959797317931e+00
   1.4000000000000001e+00   5.2917779875129360e+00
   1.5000000000000000e+00   4.7846076474950179e+00
   1.6000000000000001e+00   4.5180482188337896e+00
   1.7000000000000002e+00   4.2998692824178368e+00
   1.8000000000000000e+00   4.6075320786362983e+00
   1.9000000000000001e+00   4.3279451967005311e+00
   2.0000000000000000e+00   4.2411487729745216e+00
   2.1000000000000001e+00   4.0351696773556878e+00
   2.2000000000000002e+00   3.7901472742453510e+00
   2.3000000000000003e+00   3.8077180316199382e+00
   2.4000000000000004e+00   3.6553996695846189e+00
   2.5000000000000000e+00   3.5192511445729231e+00
   2.6000000000000001e+00   3.3671485392071840e+00
   2.7000000000000002e+00   3.2500074797496170e+00
   2.8000000000000003e+00   3.1180811266726742e+00
   2.9000000000000004e+00   3.2493527297803197e+00
   3.0000000000000000e+00   3.0910979043650775e+00
   3.1000000000000001e+00   2.9417151599038007e+00
   3.2000000000000002e+00   2.8702191194839397e+00
   3.3000000000000003e+00   2.9915983978067873e+00
   3.4000000000000004e+00   2.8836980524016473e+00
   3.5000000000000000e+00   2.7663375708932998e+00
   3.6000000000000001e+00   2.6605354802537002e+00
   3.7000000000000002e+00   2.6308810383992061e+00
   3.8000000000000003e+00   2.5788733270117614e+00
   3.9000000000000004e+00   2.4847371897802137e+00
   4.0000000000000000e+00   2.4017112979664796e+00
   4.1000000000000005e+00   2.3161658604435775e+00
   4.2000000000000002e+00   2.5622846689860213e+00
   4.2999999999999998e+00   3.2791958918450232e+00
   4.4000000000000004e+00   3.1664277612553757e+00
   4.5000000000000000e+00   3.1464081750102544e+00
   4.6000000000000005e+00   3.0450903596840817e+00
   4.7000000000000002e+00   2.9475735101822549e+00
   4.8000000000000007e+00   2.8691437790187253e+00
   4.9000000000000004e+00   3.0276824991922160e+00
   5.0000000000000000e+00   2.9439854806291574e+00
   5.1000000000000005e+00   2.9920333093917799e+00
   5.2000000000000002e+00   2.9087544988708993e+00
   5.3000000000000007e+00   2.8807426689178515e+00
   5.4000000000000004e+00   2.8094479036099820e+00
   5.5000000000000000e+00   2.7310057713650693e+00
   5.6000000000000005e+00   2.6697092222569285e+00
   5.7000000000000002e+00   2.9776933632041880e+00
   5.8000000000000007e+00   3.2355181890146234e+00
   5.9000000000000004e+00   3.3451139950506645e+00
   6.0000000000000000e+00   3.2765631763692902e+00
   6.1000000000000005e+00   3.2885945657136562e+00
   6.2000000000000002e+00   3.2674766793709287e+00
   6.3000000000000007e+00   3.2531743362264267e+00
   6.4000000000000004e+00   3.4562632916760370e+00
   6.5000000000000000e+00   3.8197897885875953e+00
   6.6000000000000005e+00   3.7693535036393895e+00
   6.7000000000000002e+00   3.6952430862488468e+00
   6.8000000000000007e+00   3.6624897825021607e+00
   6.9000000000000004e+00   3.7483170447635050e+00
   7.0000000000000000e+00   3.8169071115601199e+00
   7.1000000000000005e+00   3.7412774220159069e+00
   7.2000000000000002e+00   3.7388145134481618e+00
   7.3000000000000007e+00   3.6660902717323891e+00
   7.4000000000000004e+00   3.6047882870347490e+00
   7.5000000000000000e+00   3.7842394139917399e+00
   7.6000000000000005e+00   3.7392088460773047e+00
   7.7000000000000002e+00   3.6781501506323968e+00
   7.8000000000000007e+00   3.8834262315365802e+00
   7.9000000000000004e+00   3.7992012924211949e+00
   8.0000000000000000e+00   4.2228453167897380e+00
   8.0999999999999996e+00   4.5297977038863717e+00
   8.2000000000000011e+00   4.7054049549877570e+00
   8.3000000000000007e+00   4.9826569897012014e+00
   8.4000000000000004e+00   5.1611490238454518e+00
   8.5000000000000000e+00   5.3584249872605740e+00
   8.5999999999999996e+00   5.6343285852744041e+00
   8.7000000000000011e+00   5.7817691707718053e+00
   8.8000000000000007e+00   6.0525677680911540e+00
   8.9000000000000004e+00   5.9563998247773560e+00
   9.0000000000000000e+00   5.8741179852004750e+00
   9.0999999999999996e+00   5.9320529563233722e+00
   9.2000000000000011e+00   6.0393835763010886e+00
   9.3000000000000007e+00   5.9452054228362323e+00
   9.4000000000000004e+00   5.8619301992164585e+00
   9.5000000000000000e+00   5.7839510109502568e+00
   9.6000000000000014e+00   5.7016923267458326e+00
   9.7000000000000011e+00   5.6494880940867764e+00
   9.8000000000000007e+00   5.5669480200358405e+00
   9.9000000000000004e+00   5.5228363843999650e+00
