   0.0000000000000000e+00   1.5018720712750719e+00
   1.0000000000000001e-01   1.9873238466791521e-01
   2.0000000000000001e-01   2.0024803102923538e-01
   3.0000000000000004e-01   1.9624492667133975e-01
   4.0000000000000002e-01   1.9386225902426379e-01
   5.0000000000000000e-01   1.9019464816222675e-01
   6.0000000000000009e-01   1.8519618059528065e-01
   7.0000000000000007e-01   1.8087198710482189e-01
   8.0000000000000004e-01   1.7430403215377233e-01
   9.0000000000000002e-01   1.6962667657374508e-01
   1.0000000000000000e+00   1.6469083599931666e-01
   1.1000000000000001e+00   1.6128887002971370e-01
   1.2000000000000002e+00   1.5879278135946895e-01
   1.3000000000000000e+00   1.5919117418164030e-01
   1.4000000000000001e+00   1.5994142026514746e-01
   1.5000000000000000e+00   1.6119112962326532e-01
   1.6000000000000001e+00   1.6279212221162864e-01
   1.7000000000000002e+00   1.6460828369792058e-01
   1.8000000000000000e+00   1.6659854397881912e-01
   1.9000000000000001e+00   1.6844295153066224e-01
   2.0000000000000000e+00   1.7002385271673393e-01
   2.1000000000000001e+00   1.7110124102274415e-01
   2.2000000000000002e+00   1.7167394322316953e-01
   2.3000000000000003e+00   1.7164607130783671e-01
   2.4000000000000004e+00   1.7065193561389935e-01
   2.5000000000000000e+00   1.6836116482129015e-01
   2.6000000000000001e+00   1.6540512959749409e-01
   2.7000000000000002e+00   1.6290156000962441e-01
   2.8000000000000003e+00   1.6017017756807350e-01
   2.9000000000000004e+00   1.5821836206279305e-01
   3.0000000000000000e+00   1.5686377371406834e-01
   3.1000000000000001e+00   1.5671417670421750e-01
   3.2000000000000002e+00   1.5701772742702746e-01
   3.3000000000000003e+00   1.5800951838491373e-01
   3.4000000000000004e+00   1.5924506657227822e-01
   3.5000000000000000e+00   1.6046266904802531e-01
   3.6000000000000001e+00   1.6160876864735685e-01
   3.7000000000000002e+00   1.6268964206607861e-01
   3.8000000000000003e+00   1.6366610692540373e-01
   3.9000000000000004e+00   1.6420573861014098e-01
   4.0000000000000000e+00   1.6384988330700323e-01
   4.1000000000000005e+00   1.6222691509428055e-01
   4.2000000000000002e+00   1.5950417517883242e-01
   4.2999999999999998e+00   1.5736011342689582e-01
   4.4000000000000004e+00   1.5507022391450676e-01
   4.5000000000000000e+00   1.5321638931353432e-01
   4.6000000000000005e+00   1.5151843005784715e-01
   4.7000000000000002e+00   1.4949790704489208e-01
   4.8000000000000007e+00   1.4689734451505188e-01
   4.9000000000000004e+00   1.4443597864143043e-01
   5.0000000000000000e+00   1.4059264821609263e-01
   5.1000000000000005e+00   1.3647681068232398e-01
   5.2000000000000002e+00   1.3174537345323656e-01
   5.3000000000000007e+00   1.2677981521392412e-01
   5.4000000000000004e+00   1.2121291746984952e-01
   5.5000000000000000e+00   1.1607860725358021e-01
   5.6000000000000005e+00   1.1163880065908915e-01
   5.7000000000000002e+00   1.0691948569176857e-01
   5.8000000000000007e+00   1.0325508676281236e-01
   5.9000000000000004e+00   9.9706601796176519e-02
   6.0000000000000000e+00   9.6602856325748609e-02
   6.1000000000000005e+00   9.3809353929567907e-02
   6.2000000000000002e+00   9.1496141645398099e-02
   6.3000000000000007e+00   8.9152788173920694e-02
   6.4000000000000004e+00   8.7190968394213808e-02
   6.5000000000000000e+00   8.5627470259594274e-02
   6.6000000000000005e+00   8.3780462694959867e-02
   6.7000000000000002e+00   8.1915756123219774e-02
   6.8000000000000007e+00   8.0154402468839647e-02
   6.9000000000000004e+00   7.9088820207440680e-02
   7.0000000000000000e+00   7.8106555827439195e-02
   7.1000000000000005e+00   7.7965497001831974e-02
   7.2000000000000002e+00   7.8574606519449253e-02
   7.3000000000000007e+00   7.9239792590756641e-02
   7.4000000000000004e+00   7.9871510983722915e-02
   7.5000000000000000e+00   8.0958343177055081e-02
   7.6000000000000005e+00   8.1841296872099178e-02
   7.7000000000000002e+00   8.2669896331813320e-02
   7.8000000000000007e+00   8.3439687782487448e-02
   7.9000000000000004e+00   8.4301737719485903e-02
   8.0000000000000000e+00   8.5291693827632020e-02
   8.0999999999999996e+00   8.6305598862720379e-02
   8.2000000000000011e+00   8.7254505455367726e-02
   8.3000000000000007e+00   8.8253020407712324e-02
   8.4000000000000004e+00   8.9244070912804618e-02
   8.5000000000000000e+00   9.0380097387131375e-02
   8.5999999999999996e+00   9.1552946150106562e-02
   8.7000000000000011e+00   9.2792789251177066e-02
   8.8000000000000007e+00   9.4003672887706280e-02
   8.9000000000000004e+00   9.5199599576020644e-02
   9.0000000000000000e+00   9.6369052387791365e-02
   9.0999999999999996e+00   9.7482832144840215e-02
   9.2000000000000011e+00   9.8568102957795167e-02
   9.3000000000000007e+00   9.9629931447306586e-02
   9.4000000000000004e+00   1.0059269680185068e-01
   9.5000000000000000e+00   1.0146077488579386e-01
   9.6000000000000014e+00   1.0219192782309916e-01
   9.7000000000000011e+00   1.0296424912150415e-01
   9.8000000000000007e+00   1.0370544498135836e-01
   9.9000000000000004e+00   1.0439945018477803e-01
