   0.0000000000000000e+00   1.5379676832933682e+00
   1.0000000000000001e-01   1.0640484954649539e+01
   2.0000000000000001e-01   4.5572453527621786e+00
   3.0000000000000004e-01   3.3764697935750467e+00
   4.0000000000000002e-01   4.5330030530050367e+00
   5.0000000000000000e-01   3.6205716595766742e+00
   6.0000000000000009e-01   4.5555768915352886e+00
   7.0000000000000007e-01   4.2902745838733338e+00
   8.0000000000000004e-01   6.9216194278361263e+00
   9.0000000000000002e-01   6.6198214720552633e+00
   1.0000000000000000e+00   5.6744574815323707e+00
   1.1000000000000001e+00   4.9067869688647070e+00
   1.2000000000000002e+00   5.1920453150294508e+00
   1.3000000000000000e+00   5.9344974532299242e+00
   1.4000000000000001e+00   5.4182175343294103e+00
   1.5000000000000000e+00   5.2646930945262769e+00
   1.6000000000000001e+00   6.5593142361742585e+00
   1.7000000000000002e+00   7.2720864147520645e+00
   1.8000000000000000e+00   8.4133175362379866e+00
   1.9000000000000001e+00   7.8247102265015842e+00
   2.0000000000000000e+00   7.8873898067685806e+00
   2.1000000000000001e+00   9.8198406322353815e+00
   2.2000000000000002e+00   9.7467261276813861e+00
   2.3000000000000003e+00   1.1046295048950844e+01
   2.4000000000000004e+00   1.0486975485767848e+01
   2.5000000000000000e+00   1.2248319535990948e+01
   2.6000000000000001e+00   1.2013625786952735e+01
   2.7000000000000002e+00   1.3113861938744732e+01
   2.8000000000000003e+00   1.3904022245131911e+01
   2.9000000000000004e+00   1.3650378372606292e+01
   3.0000000000000000e+00   1.3145281138969080e+01
   3.1000000000000001e+00   1.3096731968153469e+01
   3.2000000000000002e+00   1.3884543758299758e+01
   3.3000000000000003e+00   1.6376448197973218e+01
   3.4000000000000004e+00   1.7369182002371261e+01
   3.5000000000000000e+00   1.6828620094977978e+01
   3.6000000000000001e+00   1.6379060039526372e+01
   3.7000000000000002e+00   1.5955854197560924e+01
   3.8000000000000003e+00   1.6399704335204941e+01
   3.9000000000000004e+00   1.5995815840434265e+01
   4.0000000000000000e+00   1.5542113564024199e+01
   4.1000000000000005e+00   1.5094117829979240e+01
   4.2000000000000002e+00   1.5648463237582998e+01
   4.2999999999999998e+00   1.6161164399795428e+01
   4.4000000000000004e+00   1.5831999236921401e+01
   4.5000000000000000e+00   1.5514615720001281e+01
   4.6000000000000005e+00   1.5136886943789669e+01
   4.7000000000000002e+00   1.5708107157793041e+01
   4.8000000000000007e+00   1.5454855012336605e+01
   4.9000000000000004e+00   1.5174872398914790e+01
   5.0000000000000000e+00   1.5261809888310911e+01
   5.1000000000000005e+00   1.5689358061269111e+01
   5.2000000000000002e+00   1.5608705155909654e+01
   5.3000000000000007e+00   1.5373349552594210e+01
   5.4000000000000004e+00   1.5042161860317950e+01
   5.5000000000000000e+00   1.4872822971775140e+01
   5.6000000000000005e+00   1.4750662199614442e+01
   5.7000000000000002e+00   1.4894827896911295e+01
   5.8000000000000007e+00   1.4680077206326535e+01
   5.9000000000000004e+00   1.4426514598824726e+01
   6.0000000000000000e+00   1.5106827878713577e+01
   6.1000000000000005e+00   1.6408780051714274e+01
   6.2000000000000002e+00   1.6960297538923609e+01
   6.3000000000000007e+00   1.8523276624884051e+01
   6.4000000000000004e+00   2.0274364911031864e+01
   6.5000000000000000e+00   2.1941023590655021e+01
   6.6000000000000005e+00   2.2111509779384786e+01
   6.7000000000000002e+00   2.1897401658596451e+01
   6.8000000000000007e+00   2.1644106251604455e+01
   6.9000000000000004e+00   2.1392193470119985e+01
   7.0000000000000000e+00   2.1064399844920608e+01
   7.1000000000000005e+00   2.0841751522845708e+01
   7.2000000000000002e+00   2.0523532884856177e+01
   7.3000000000000007e+00   2.0206771621081788e+01
   7.4000000000000004e+00   2.0332432107688295e+01
   7.5000000000000000e+00   2.0052229257887792e+01
   7.6000000000000005e+00   1.9752713848357324e+01
   7.7000000000000002e+00   1.9459349436713097e+01
   7.8000000000000007e+00   1.9251863113317043e+01
   7.9000000000000004e+00   1.9077960845655735e+01
   8.0000000000000000e+00   1.8899496014990724e+01
   8.0999999999999996e+00   1.9039791719407372e+01
   8.2000000000000011e+00   1.9232255775971417e+01
   8.3000000000000007e+00   1.9076870466915345e+01
   8.4000000000000004e+00   1.9242219211576494e+01
   8.5000000000000000e+00   1.9394368121182513e+01
   8.5999999999999996e+00   1.9902559975795619e+01
   8.7000000000000011e+00   2.0277409055782638e+01
   8.8000000000000007e+00   2.1280526328568691e+01
   8.9000000000000004e+00   2.1491223255655981e+01
   9.0000000000000000e+00   2.1618317585657525e+01
   9.0999999999999996e+00   2.1648139862717930e+01
   9.2000000000000011e+00   2.1572430451183180e+01
   9.3000000000000007e+00   2.1327964109245759e+01
   9.4000000000000004e+00   2.1291080388203039e+01
   9.5000000000000000e+00   2.1721371408614868e+01
   9.6000000000000014e+00   2.1715255526337323e+01
   9.7000000000000011e+00   2.1462262538073173e+01
   9.8000000000000007e+00   2.1226490141714425e+01
   9.9000000000000004e+00   2.0983465529122832e+01
