   0.0000000000000000e+00   1.5880393310968659e+00
   1.0000000000000001e-01   0.0000000000000000e+00
   2.0000000000000001e-01   1.9813776560237750e-02
   3.0000000000000004e-01   7.1280197450269656e+00
   4.0000000000000002e-01   5.3765122989106802e+00
   5.0000000000000000e-01   5.3716086045875588e+00
   6.0000000000000009e-01   5.0267609420663923e+00
   7.0000000000000007e-01   6.3486907463721609e+00
   8.0000000000000004e-01   1.4763034938149008e+01
   9.0000000000000002e-01   1.5577537644562195e+01
   1.0000000000000000e+00   1.4221437419046088e+01
   1.1000000000000001e+00   1.2888835420716159e+01
   1.2000000000000002e+00   1.1698176264161580e+01
   1.3000000000000000e+00   1.0689147515827042e+01
   1.4000000000000001e+00   9.8365676536902935e+00
   1.5000000000000000e+00   9.0706578207462698e+00
   1.6000000000000001e+00   8.5642227164431333e+00
   1.7000000000000002e+00   8.1548994009005682e+00
   1.8000000000000000e+00   8.5891050544973275e+00
   1.9000000000000001e+00   8.1292014495268461e+00
   2.0000000000000000e+00   8.0220602629019826e+00
   2.1000000000000001e+00   7.6421581993828029e+00
   2.2000000000000002e+00   7.2225551096430367e+00
   2.3000000000000003e+00   7.1922580840189960e+00
   2.4000000000000004e+00   6.9482504368397651e+00
   2.5000000000000000e+00   6.7202532106008013e+00
   2.6000000000000001e+00   6.4580626795161864e+00
   2.7000000000000002e+00   6.2508763154430085e+00
   2.8000000000000003e+00   6.0255917479748753e+00
   2.9000000000000004e+00   6.2142368188274464e+00
   3.0000000000000000e+00   5.9555776600988946e+00
   3.1000000000000001e+00   5.7113537682652744e+00
   3.2000000000000002e+00   5.5899652327142881e+00
   3.3000000000000003e+00   5.7744732211348557e+00
   3.4000000000000004e+00   5.6020513594402548e+00
   3.5000000000000000e+00   5.4172347284040772e+00
   3.6000000000000001e+00   5.2325254746853735e+00
   3.7000000000000002e+00   5.1525447485210769e+00
   3.8000000000000003e+00   5.0521903969911417e+00
   3.9000000000000004e+00   4.8960197659334384e+00
   4.0000000000000000e+00   4.7614878596129699e+00
   4.1000000000000005e+00   4.6171140890475764e+00
   4.2000000000000002e+00   4.9634225804469221e+00
   4.2999999999999998e+00   6.0306779167921718e+00
   4.4000000000000004e+00   5.8547535092597300e+00
   4.5000000000000000e+00   5.8434527384201767e+00
   4.6000000000000005e+00   5.6841630821475784e+00
   4.7000000000000002e+00   5.5268524551576119e+00
   4.8000000000000007e+00   5.4051159475795529e+00
   4.9000000000000004e+00   5.6558168727676774e+00
   5.0000000000000000e+00   5.5264285058209364e+00
   5.1000000000000005e+00   5.6131591029293633e+00
   5.2000000000000002e+00   5.4793473132067092e+00
   5.3000000000000007e+00   5.4269001565301993e+00
   5.4000000000000004e+00   5.3145007448625590e+00
   5.5000000000000000e+00   5.1910955685241316e+00
   5.6000000000000005e+00   5.1059155598322166e+00
   5.7000000000000002e+00   5.6104622638406392e+00
   5.8000000000000007e+00   6.1401341686460293e+00
   5.9000000000000004e+00   6.3976513696303732e+00
   6.0000000000000000e+00   6.2656738266013381e+00
   6.1000000000000005e+00   6.2185951845605549e+00
   6.2000000000000002e+00   6.1449889534217030e+00
   6.3000000000000007e+00   6.0942981476741647e+00
   6.4000000000000004e+00   6.3785535226371524e+00
   6.5000000000000000e+00   6.9350940733996369e+00
   6.6000000000000005e+00   6.8633152139703464e+00
   6.7000000000000002e+00   6.7507528246196857e+00
   6.8000000000000007e+00   6.7100013502647302e+00
   6.9000000000000004e+00   6.8303466503590178e+00
   7.0000000000000000e+00   6.9311435855276029e+00
   7.1000000000000005e+00   6.8103168543036849e+00
   7.2000000000000002e+00   6.8335766622869576e+00
   7.3000000000000007e+00   6.7198320726851799e+00
   7.4000000000000004e+00   6.6133284601300817e+00
   7.5000000000000000e+00   6.8543956519683205e+00
   7.6000000000000005e+00   6.7787190852691444e+00
   7.7000000000000002e+00   6.6827367025484774e+00
   7.8000000000000007e+00   6.9853996762703572e+00
   7.9000000000000004e+00   6.8795539248029565e+00
   8.0000000000000000e+00   7.3630951846809749e+00
   8.0999999999999996e+00   7.8707025226621310e+00
   8.2000000000000011e+00   8.1705800581810735e+00
   8.3000000000000007e+00   8.5957160651593920e+00
   8.4000000000000004e+00   8.9217137282984176e+00
   8.5000000000000000e+00   9.2615249318967265e+00
   8.5999999999999996e+00   9.7228744167065155e+00
   8.7000000000000011e+00   1.0016915923174396e+01
   8.8000000000000007e+00   1.0470274630131051e+01
   8.9000000000000004e+00   1.0337400183225249e+01
   9.0000000000000000e+00   1.0212710957730126e+01
   9.0999999999999996e+00   1.0234833616794521e+01
   9.2000000000000011e+00   1.0347906162044390e+01
   9.3000000000000007e+00   1.0218565032572707e+01
   9.4000000000000004e+00   1.0097735094458839e+01
   9.5000000000000000e+00   9.9851070563765418e+00
   9.6000000000000014e+00   9.8728673540441214e+00
   9.7000000000000011e+00   9.7985317304708701e+00
   9.8000000000000007e+00   9.6828187098733078e+00
   9.9000000000000004e+00   9.6180487514884785e+00
