   0.0000000000000000e+00   1.5591954184263406e+00
   1.0000000000000001e-01   2.2698449057017690e+01
   2.0000000000000001e-01   9.9387970941186587e+00
   3.0000000000000004e-01   7.5993054167117817e+00
   4.0000000000000002e-01   1.0646829528179127e+01
   5.0000000000000000e-01   8.4043689287895109e+00
   6.0000000000000009e-01   6.7254873368574257e+00
   7.0000000000000007e-01   6.0455994811963265e+00
   8.0000000000000004e-01   5.2475992764757944e+00
   9.0000000000000002e-01   1.0438443068951051e+01
   1.0000000000000000e+00   9.4594402765548242e+00
   1.1000000000000001e+00   8.4472709699770476e+00
   1.2000000000000002e+00   8.5598990828109880e+00
   1.3000000000000000e+00   9.7089425438287709e+00
   1.4000000000000001e+00   9.2600723161258678e+00
   1.5000000000000000e+00   9.1092377761988690e+00
   1.6000000000000001e+00   1.0060476285570708e+01
   1.7000000000000002e+00   1.0448661455994037e+01
   1.8000000000000000e+00   1.0125301276754382e+01
   1.9000000000000001e+00   9.5140931955785835e+00
   2.0000000000000000e+00   9.0645520553994441e+00
   2.1000000000000001e+00   1.0921354955336870e+01
   2.2000000000000002e+00   1.1161330768353917e+01
   2.3000000000000003e+00   1.1561835465030438e+01
   2.4000000000000004e+00   1.1454570953461586e+01
   2.5000000000000000e+00   1.3176801854665648e+01
   2.6000000000000001e+00   1.2955740960408836e+01
   2.7000000000000002e+00   1.4272455031161970e+01
   2.8000000000000003e+00   1.5625260102454590e+01
   2.9000000000000004e+00   1.4989349622083292e+01
   3.0000000000000000e+00   1.4640667186907541e+01
   3.1000000000000001e+00   1.4899566203340420e+01
   3.2000000000000002e+00   1.5837760192406535e+01
   3.3000000000000003e+00   1.7964715838520007e+01
   3.4000000000000004e+00   1.9614308760177529e+01
   3.5000000000000000e+00   1.8973420103588222e+01
   3.6000000000000001e+00   1.8665990798763040e+01
   3.7000000000000002e+00   1.8086210623413002e+01
   3.8000000000000003e+00   1.8552074024694853e+01
   3.9000000000000004e+00   1.8057271774912444e+01
   4.0000000000000000e+00   1.7558260452025955e+01
   4.1000000000000005e+00   1.7069219730984795e+01
   4.2000000000000002e+00   1.6897438684986668e+01
   4.2999999999999998e+00   1.6466201129536429e+01
   4.4000000000000004e+00   1.6078477695069520e+01
   4.5000000000000000e+00   1.5662584033611097e+01
   4.6000000000000005e+00   1.5353058917773044e+01
   4.7000000000000002e+00   1.6901076954992053e+01
   4.8000000000000007e+00   1.6594885175532966e+01
   4.9000000000000004e+00   1.6331225912028930e+01
   5.0000000000000000e+00   1.6834001019973602e+01
   5.1000000000000005e+00   1.7020737384104173e+01
   5.2000000000000002e+00   1.7497803228799661e+01
   5.3000000000000007e+00   1.7718474884170149e+01
   5.4000000000000004e+00   1.7338626872203744e+01
   5.5000000000000000e+00   1.7181522739504640e+01
   5.6000000000000005e+00   1.6910449086603158e+01
   5.7000000000000002e+00   1.6574747659081734e+01
   5.8000000000000007e+00   1.7892543787244445e+01
   5.9000000000000004e+00   1.7645108288886366e+01
   6.0000000000000000e+00   1.8453360897380783e+01
   6.1000000000000005e+00   2.0039023483162772e+01
   6.2000000000000002e+00   2.0635304921877637e+01
   6.3000000000000007e+00   2.2562741785557776e+01
   6.4000000000000004e+00   2.3717410342591137e+01
   6.5000000000000000e+00   2.4403715894479426e+01
   6.6000000000000005e+00   2.4758973270067607e+01
   6.7000000000000002e+00   2.4547694488129025e+01
   6.8000000000000007e+00   2.4181250215247644e+01
   6.9000000000000004e+00   2.3871842170270021e+01
   7.0000000000000000e+00   2.4006075797590032e+01
   7.1000000000000005e+00   2.3828925053916276e+01
   7.2000000000000002e+00   2.3545461828276022e+01
   7.3000000000000007e+00   2.3187266478741673e+01
   7.4000000000000004e+00   2.3816200758196601e+01
   7.5000000000000000e+00   2.3651436839302008e+01
   7.6000000000000005e+00   2.3307146691237985e+01
   7.7000000000000002e+00   2.2972666429113339e+01
   7.8000000000000007e+00   2.2772265630566391e+01
   7.9000000000000004e+00   2.2590546064725391e+01
   8.0000000000000000e+00   2.2486546228034598e+01
   8.0999999999999996e+00   2.2199334856059146e+01
   8.2000000000000011e+00   2.2015481953147141e+01
   8.3000000000000007e+00   2.1811366902607055e+01
   8.4000000000000004e+00   2.1573483856325534e+01
   8.5000000000000000e+00   2.1347709658283449e+01
   8.5999999999999996e+00   2.1255748315998797e+01
   8.7000000000000011e+00   2.1201647725925909e+01
   8.8000000000000007e+00   2.1493354229907620e+01
   8.9000000000000004e+00   2.2297857051704263e+01
   9.0000000000000000e+00   2.2936480840932639e+01
   9.0999999999999996e+00   2.2761555380617335e+01
   9.2000000000000011e+00   2.2494189066382823e+01
   9.3000000000000007e+00   2.2249937906727524e+01
   9.4000000000000004e+00   2.2622309756495596e+01
   9.5000000000000000e+00   2.3270243155938790e+01
   9.6000000000000014e+00   2.3255740477942417e+01
   9.7000000000000011e+00   2.3099760171114955e+01
   9.8000000000000007e+00   2.2841465533228750e+01
   9.9000000000000004e+00   2.2685317539760661e+01
