   0.0000000000000000e+00   1.5369107729943099e+00
   1.0000000000000001e-01   1.2911520664454645e+01
   2.0000000000000001e-01   5.4589307492445078e+00
   3.0000000000000004e-01   3.6149375694877524e+00
   4.0000000000000002e-01   4.9128371478575916e+00
   5.0000000000000000e-01   3.7259522015240600e+00
   6.0000000000000009e-01   4.7546438874631329e+00
   7.0000000000000007e-01   4.4563576426675660e+00
   8.0000000000000004e-01   7.2177258102525892e+00
   9.0000000000000002e-01   6.1701624575184990e+00
   1.0000000000000000e+00   5.4765733041060827e+00
   1.1000000000000001e+00   4.7556997929837266e+00
   1.2000000000000002e+00   4.8744510536067853e+00
   1.3000000000000000e+00   5.9424459048821117e+00
   1.4000000000000001e+00   5.5812581197628433e+00
   1.5000000000000000e+00   5.5604191653304982e+00
   1.6000000000000001e+00   7.0804296074087221e+00
   1.7000000000000002e+00   8.0477434874958877e+00
   1.8000000000000000e+00   9.1322173400507030e+00
   1.9000000000000001e+00   8.5802250568335996e+00
   2.0000000000000000e+00   8.6783072309092120e+00
   2.1000000000000001e+00   1.0454653336740375e+01
   2.2000000000000002e+00   1.0507202468154089e+01
   2.3000000000000003e+00   1.1710017746517817e+01
   2.4000000000000004e+00   1.1238958945050271e+01
   2.5000000000000000e+00   1.3234211439904744e+01
   2.6000000000000001e+00   1.3097898318674314e+01
   2.7000000000000002e+00   1.4541193360321259e+01
   2.8000000000000003e+00   1.5855197539316453e+01
   2.9000000000000004e+00   1.5387476478368058e+01
   3.0000000000000000e+00   1.4907619643311008e+01
   3.1000000000000001e+00   1.5110185422948231e+01
   3.2000000000000002e+00   1.6286481472847719e+01
   3.3000000000000003e+00   1.9354412894758152e+01
   3.4000000000000004e+00   2.0945338061084140e+01
   3.5000000000000000e+00   2.0286051114208000e+01
   3.6000000000000001e+00   1.9839266344523423e+01
   3.7000000000000002e+00   1.9256540969625448e+01
   3.8000000000000003e+00   1.9860631462411753e+01
   3.9000000000000004e+00   1.9371090903986033e+01
   4.0000000000000000e+00   1.8816201502784068e+01
   4.1000000000000005e+00   1.8290125855585948e+01
   4.2000000000000002e+00   1.8626427055288119e+01
   4.2999999999999998e+00   1.8806290243820513e+01
   4.4000000000000004e+00   1.8397829263229468e+01
   4.5000000000000000e+00   1.7973709461231500e+01
   4.6000000000000005e+00   1.7593678544322611e+01
   4.7000000000000002e+00   1.8707662197199959e+01
   4.8000000000000007e+00   1.8392587411551901e+01
   4.9000000000000004e+00   1.7962716840973975e+01
   5.0000000000000000e+00   1.8305489783383127e+01
   5.1000000000000005e+00   1.8837057433776938e+01
   5.2000000000000002e+00   1.8933735059106322e+01
   5.3000000000000007e+00   1.8758667214378246e+01
   5.4000000000000004e+00   1.8369958281897478e+01
   5.5000000000000000e+00   1.8230124182729313e+01
   5.6000000000000005e+00   1.8047884755408347e+01
   5.7000000000000002e+00   1.7916477119577106e+01
   5.8000000000000007e+00   1.7931669194521142e+01
   5.9000000000000004e+00   1.7604136602339111e+01
   6.0000000000000000e+00   1.8235702641308350e+01
   6.1000000000000005e+00   1.9844580066342200e+01
   6.2000000000000002e+00   2.0483206669457498e+01
   6.3000000000000007e+00   2.2444760931012961e+01
   6.4000000000000004e+00   2.4390736605747644e+01
   6.5000000000000000e+00   2.6116924672956120e+01
   6.6000000000000005e+00   2.6508685642937564e+01
   6.7000000000000002e+00   2.6304383336099047e+01
   6.8000000000000007e+00   2.5996439003989387e+01
   6.9000000000000004e+00   2.5589100337887597e+01
   7.0000000000000000e+00   2.5300272030049744e+01
   7.1000000000000005e+00   2.5051701207601916e+01
   7.2000000000000002e+00   2.4664445772105680e+01
   7.3000000000000007e+00   2.4288018805066166e+01
   7.4000000000000004e+00   2.4671554639654833e+01
   7.5000000000000000e+00   2.4304843448140623e+01
   7.6000000000000005e+00   2.3965435290342544e+01
   7.7000000000000002e+00   2.3617372517998003e+01
   7.8000000000000007e+00   2.3285183078112276e+01
   7.9000000000000004e+00   2.3071472896823906e+01
   8.0000000000000000e+00   2.2757955855281224e+01
   8.0999999999999996e+00   2.2825467463256615e+01
   8.2000000000000011e+00   2.3022087200677351e+01
   8.3000000000000007e+00   2.2746499144755152e+01
   8.4000000000000004e+00   2.2846849512767310e+01
   8.5000000000000000e+00   2.2984391289994608e+01
   8.5999999999999996e+00   2.3478709194610410e+01
   8.7000000000000011e+00   2.3895188688011331e+01
   8.8000000000000007e+00   2.5001709696790591e+01
   8.9000000000000004e+00   2.5614985539440589e+01
   9.0000000000000000e+00   2.5992548768745547e+01
   9.0999999999999996e+00   2.5966694933099323e+01
   9.2000000000000011e+00   2.5803754830230510e+01
   9.3000000000000007e+00   2.5528655269342813e+01
   9.4000000000000004e+00   2.5666158633990772e+01
   9.5000000000000000e+00   2.6274943505993971e+01
   9.6000000000000014e+00   2.6255651838752737e+01
   9.7000000000000011e+00   2.5976606218259601e+01
   9.8000000000000007e+00   2.5690141742055545e+01
   9.9000000000000004e+00   2.5428683612626212e+01
