   0.0000000000000000e+00   1.4908253020443814e+00
   1.0000000000000001e-01   0.0000000000000000e+00
   2.0000000000000001e-01   0.0000000000000000e+00
   3.0000000000000004e-01   3.3857420321505991e+00
   4.0000000000000002e-01   2.3287957081856492e+00
   5.0000000000000000e-01   3.1870920801651819e+00
   6.0000000000000009e-01   3.5690661135578718e+00
   7.0000000000000007e-01   3.7300958130385951e+00
   8.0000000000000004e-01   6.7759991468974539e+00
   9.0000000000000002e-01   6.3876887947492014e+00
   1.0000000000000000e+00   5.6811283391323446e+00
   1.1000000000000001e+00   5.0326256406855512e+00
   1.2000000000000002e+00   4.5365228839460867e+00
   1.3000000000000000e+00   4.1080609087328330e+00
   1.4000000000000001e+00   3.7082263746258306e+00
   1.5000000000000000e+00   3.3578190938464898e+00
   1.6000000000000001e+00   3.1509377210142100e+00
   1.7000000000000002e+00   2.9849851505669678e+00
   1.8000000000000000e+00   3.2254832858817650e+00
   1.9000000000000001e+00   3.0127364383833521e+00
   2.0000000000000000e+00   2.9454462033724882e+00
   2.1000000000000001e+00   2.7838773444559823e+00
   2.2000000000000002e+00   2.5955121639736269e+00
   2.3000000000000003e+00   2.6134451793505731e+00
   2.4000000000000004e+00   2.6234254568624031e+00
   2.5000000000000000e+00   2.6007167613596218e+00
   2.6000000000000001e+00   2.4536431066992428e+00
   2.7000000000000002e+00   2.3372705248252839e+00
   2.8000000000000003e+00   2.2117392668780642e+00
   2.9000000000000004e+00   2.2814585345401177e+00
   3.0000000000000000e+00   2.2566838131649121e+00
   3.1000000000000001e+00   2.1408645617814566e+00
   3.2000000000000002e+00   2.0880151784349286e+00
   3.3000000000000003e+00   2.1385507385325662e+00
   3.4000000000000004e+00   2.0413230189102656e+00
   3.5000000000000000e+00   1.9454244364668030e+00
   3.6000000000000001e+00   1.8821125949211408e+00
   3.7000000000000002e+00   1.8512735198463302e+00
   3.8000000000000003e+00   1.7809625648617560e+00
   3.9000000000000004e+00   1.7023223126732783e+00
   4.0000000000000000e+00   1.6345387405961580e+00
   4.1000000000000005e+00   1.5868024268839631e+00
   4.2000000000000002e+00   1.7929825923593479e+00
   4.2999999999999998e+00   2.2434976433655871e+00
   4.4000000000000004e+00   2.2256290907014513e+00
   4.5000000000000000e+00   2.2114554674343481e+00
   4.6000000000000005e+00   2.1451859749082773e+00
   4.7000000000000002e+00   2.0731224415856175e+00
   4.8000000000000007e+00   2.0159324924767912e+00
   4.9000000000000004e+00   2.1374098938233965e+00
   5.0000000000000000e+00   2.0847530502018845e+00
   5.1000000000000005e+00   2.1073760713166845e+00
   5.2000000000000002e+00   2.1054615166256498e+00
   5.3000000000000007e+00   2.0913582526200880e+00
   5.4000000000000004e+00   2.0289874981457103e+00
   5.5000000000000000e+00   1.9687098949649211e+00
   5.6000000000000005e+00   1.9261967239389042e+00
   5.7000000000000002e+00   2.1830307562937472e+00
   5.8000000000000007e+00   2.2457962950578398e+00
   5.9000000000000004e+00   2.2898088255564240e+00
   6.0000000000000000e+00   2.2528222305010033e+00
   6.1000000000000005e+00   2.2541466949655531e+00
   6.2000000000000002e+00   2.2339520834467912e+00
   6.3000000000000007e+00   2.2263608323759616e+00
   6.4000000000000004e+00   2.3911503260807780e+00
   6.5000000000000000e+00   2.6882082181016411e+00
   6.6000000000000005e+00   2.6552844608694555e+00
   6.7000000000000002e+00   2.5974847158767478e+00
   6.8000000000000007e+00   2.5747223589880148e+00
   6.9000000000000004e+00   2.6328816588251138e+00
   7.0000000000000000e+00   2.6831957083387676e+00
   7.1000000000000005e+00   2.6236655862325033e+00
   7.2000000000000002e+00   2.6202134180644938e+00
   7.3000000000000007e+00   2.5630377731900289e+00
   7.4000000000000004e+00   2.5150808235470414e+00
   7.5000000000000000e+00   2.6528166771247825e+00
   7.6000000000000005e+00   2.6210530650460138e+00
   7.7000000000000002e+00   2.5734259949331468e+00
   7.8000000000000007e+00   2.7197833089677799e+00
   7.9000000000000004e+00   2.6671983539950910e+00
   8.0000000000000000e+00   2.8882414938864436e+00
   8.0999999999999996e+00   3.1320971567946341e+00
   8.2000000000000011e+00   3.2610247379715238e+00
   8.3000000000000007e+00   3.4405304309769669e+00
   8.4000000000000004e+00   3.5709885251861664e+00
   8.5000000000000000e+00   3.7035211776838466e+00
   8.5999999999999996e+00   3.8899299325552850e+00
   8.7000000000000011e+00   3.9992335145793652e+00
   8.8000000000000007e+00   4.1750329447126298e+00
   8.9000000000000004e+00   4.1106721630575160e+00
   9.0000000000000000e+00   4.0621504128672283e+00
   9.0999999999999996e+00   4.0979882456785823e+00
   9.2000000000000011e+00   4.1759808155457590e+00
   9.3000000000000007e+00   4.1144508328536622e+00
   9.4000000000000004e+00   4.0558235806324792e+00
   9.5000000000000000e+00   4.0029877654134083e+00
   9.6000000000000014e+00   3.9503394080288157e+00
   9.7000000000000011e+00   3.9145673961455199e+00
   9.8000000000000007e+00   3.8599510416262346e+00
   9.9000000000000004e+00   3.8341762969373097e+00
