   0.0000000000000000e+00   1.4599879409826886e+00
   1.0000000000000001e-01   7.4728174028501355e+00
   2.0000000000000001e-01   3.0048240807507245e+00
   3.0000000000000004e-01   2.9698551047225417e+00
   4.0000000000000002e-01   2.4661847242658652e+00
   5.0000000000000000e-01   3.4323814950575704e+00
   6.0000000000000009e-01   4.3422817700303051e+00
   7.0000000000000007e-01   4.0885054236971454e+00
   8.0000000000000004e-01   6.5516393927692365e+00
   9.0000000000000002e-01   5.5586231192445572e+00
   1.0000000000000000e+00   4.9288931031438983e+00
   1.1000000000000001e+00   4.2585412222528385e+00
   1.2000000000000002e+00   3.7791662499642520e+00
   1.3000000000000000e+00   3.4383774509168630e+00
   1.4000000000000001e+00   3.0950759267471328e+00
   1.5000000000000000e+00   2.8446518662432778e+00
   1.6000000000000001e+00   3.3810898966235934e+00
   1.7000000000000002e+00   3.7035357498125352e+00
   1.8000000000000000e+00   4.0907885455994908e+00
   1.9000000000000001e+00   3.7983658926068200e+00
   2.0000000000000000e+00   3.8050335680736342e+00
   2.1000000000000001e+00   5.2037599248199893e+00
   2.2000000000000002e+00   5.1955687338835181e+00
   2.3000000000000003e+00   5.7950039892945124e+00
   2.4000000000000004e+00   5.5016922677905882e+00
   2.5000000000000000e+00   6.4989743913977147e+00
   2.6000000000000001e+00   6.3241164462138180e+00
   2.7000000000000002e+00   6.9619775245622693e+00
   2.8000000000000003e+00   7.4081031792684398e+00
   2.9000000000000004e+00   7.1407469959663095e+00
   3.0000000000000000e+00   6.8823830646627036e+00
   3.1000000000000001e+00   6.9002941612906268e+00
   3.2000000000000002e+00   7.3607373696255651e+00
   3.3000000000000003e+00   8.7090798801771783e+00
   3.4000000000000004e+00   9.2234945308313048e+00
   3.5000000000000000e+00   8.9118024248967078e+00
   3.6000000000000001e+00   8.6627026686344664e+00
   3.7000000000000002e+00   8.4622198310748455e+00
   3.8000000000000003e+00   8.8970508999693543e+00
   3.9000000000000004e+00   8.6703938200101600e+00
   4.0000000000000000e+00   8.4126764313287232e+00
   4.1000000000000005e+00   8.1710346250236281e+00
   4.2000000000000002e+00   8.4955691665786315e+00
   4.2999999999999998e+00   8.6947303315021767e+00
   4.4000000000000004e+00   8.5089080877180585e+00
   4.5000000000000000e+00   8.3287300886261466e+00
   4.6000000000000005e+00   8.1427812394212307e+00
   4.7000000000000002e+00   8.6420960230846351e+00
   4.8000000000000007e+00   8.4693656452109636e+00
   4.9000000000000004e+00   8.2539322378515987e+00
   5.0000000000000000e+00   8.4141950023774843e+00
   5.1000000000000005e+00   8.6477665242745410e+00
   5.2000000000000002e+00   8.6376540139176985e+00
   5.3000000000000007e+00   8.5105730969290434e+00
   5.4000000000000004e+00   8.3421691536031464e+00
   5.5000000000000000e+00   8.2880637201613983e+00
   5.6000000000000005e+00   8.2007532376011074e+00
   5.7000000000000002e+00   8.1534860991235405e+00
   5.8000000000000007e+00   8.1290403279982968e+00
   5.9000000000000004e+00   7.9914184436949496e+00
   6.0000000000000000e+00   8.3907295295451299e+00
   6.1000000000000005e+00   9.1699012352136524e+00
   6.2000000000000002e+00   9.4334188776351411e+00
   6.3000000000000007e+00   1.0313009472686495e+01
   6.4000000000000004e+00   1.1131896217388846e+01
   6.5000000000000000e+00   1.1864607228172781e+01
   6.6000000000000005e+00   1.1925549523053174e+01
   6.7000000000000002e+00   1.1775813204350451e+01
   6.8000000000000007e+00   1.1608819410825433e+01
   6.9000000000000004e+00   1.1448858772225289e+01
   7.0000000000000000e+00   1.1282503515991840e+01
   7.1000000000000005e+00   1.1151516464395801e+01
   7.2000000000000002e+00   1.0979541716540364e+01
   7.3000000000000007e+00   1.0807995343158536e+01
   7.4000000000000004e+00   1.0991615715101318e+01
   7.5000000000000000e+00   1.0831170317597349e+01
   7.6000000000000005e+00   1.0681262531171390e+01
   7.7000000000000002e+00   1.0524193017255079e+01
   7.8000000000000007e+00   1.0381204874334060e+01
   7.9000000000000004e+00   1.0278275698613477e+01
   8.0000000000000000e+00   1.0151734815086705e+01
   8.0999999999999996e+00   1.0269291579993881e+01
   8.2000000000000011e+00   1.0407767851525135e+01
   8.3000000000000007e+00   1.0283981823638204e+01
   8.4000000000000004e+00   1.0377200949478953e+01
   8.5000000000000000e+00   1.0450507601884924e+01
   8.5999999999999996e+00   1.0704165526706417e+01
   8.7000000000000011e+00   1.0883313489180255e+01
   8.8000000000000007e+00   1.1451157672998320e+01
   8.9000000000000004e+00   1.1540345920392760e+01
   9.0000000000000000e+00   1.1594531275149725e+01
   9.0999999999999996e+00   1.1731294014064487e+01
   9.2000000000000011e+00   1.1712775218678201e+01
   9.3000000000000007e+00   1.1578438094070295e+01
   9.4000000000000004e+00   1.1605435307426418e+01
   9.5000000000000000e+00   1.1854251306746351e+01
   9.6000000000000014e+00   1.1811564093775086e+01
   9.7000000000000011e+00   1.1686389130999169e+01
   9.8000000000000007e+00   1.1561493409132366e+01
   9.9000000000000004e+00   1.1428432382371135e+01
