   0.0000000000000000e+00   1.4720767105417696e+00
   1.0000000000000001e-01   1.3420816826697131e+01
   2.0000000000000001e-01   6.1290881660803134e+00
   3.0000000000000004e-01   4.7226131559468012e+00
   4.0000000000000002e-01   6.4371333545263134e+00
   5.0000000000000000e-01   5.0425122496715780e+00
   6.0000000000000009e-01   3.9510070623544493e+00
   7.0000000000000007e-01   3.5509557219554324e+00
   8.0000000000000004e-01   2.9955287010777196e+00
   9.0000000000000002e-01   6.2618894604388293e+00
   1.0000000000000000e+00   5.5609737874386367e+00
   1.1000000000000001e+00   4.9124122594345216e+00
   1.2000000000000002e+00   4.9817609926433066e+00
   1.3000000000000000e+00   5.5951637603812499e+00
   1.4000000000000001e+00   5.2476723060633663e+00
   1.5000000000000000e+00   5.1095405513178056e+00
   1.6000000000000001e+00   5.6059173590039775e+00
   1.7000000000000002e+00   5.7251428750816071e+00
   1.8000000000000000e+00   5.4709337805600313e+00
   1.9000000000000001e+00   5.1235169232662772e+00
   2.0000000000000000e+00   4.8449516100358778e+00
   2.1000000000000001e+00   6.1747873804538118e+00
   2.2000000000000002e+00   6.2699316752581247e+00
   2.3000000000000003e+00   6.4894181889543363e+00
   2.4000000000000004e+00   6.3867268146604355e+00
   2.5000000000000000e+00   7.3540151364035102e+00
   2.6000000000000001e+00   7.1671448051049618e+00
   2.7000000000000002e+00   7.8795057420774723e+00
   2.8000000000000003e+00   8.5111371467818646e+00
   2.9000000000000004e+00   8.1693701143887161e+00
   3.0000000000000000e+00   7.9761693827801965e+00
   3.1000000000000001e+00   8.0707903327500521e+00
   3.2000000000000002e+00   8.5247799430117794e+00
   3.3000000000000003e+00   9.6135912632698144e+00
   3.4000000000000004e+00   1.0387473591175466e+01
   3.5000000000000000e+00   1.0049102502910499e+01
   3.6000000000000001e+00   9.8615067197070694e+00
   3.7000000000000002e+00   9.5596303436934331e+00
   3.8000000000000003e+00   9.9317016861275746e+00
   3.9000000000000004e+00   9.6654310670304628e+00
   4.0000000000000000e+00   9.3937837614809236e+00
   4.1000000000000005e+00   9.1327056690837853e+00
   4.2000000000000002e+00   9.0815710826273168e+00
   4.2999999999999998e+00   8.8523324679554651e+00
   4.4000000000000004e+00   8.6379021228883346e+00
   4.5000000000000000e+00   8.4131421826173831e+00
   4.6000000000000005e+00   8.2587380319168684e+00
   4.7000000000000002e+00   9.1763730641568042e+00
   4.8000000000000007e+00   8.9939451424287267e+00
   4.9000000000000004e+00   8.8468063764763105e+00
   5.0000000000000000e+00   9.1750813452296374e+00
   5.1000000000000005e+00   9.2431482779727077e+00
   5.2000000000000002e+00   9.5121149304799513e+00
   5.3000000000000007e+00   9.6197714577919591e+00
   5.4000000000000004e+00   9.4122922645520344e+00
   5.5000000000000000e+00   9.3333612498978571e+00
   5.6000000000000005e+00   9.1818574338855790e+00
   5.7000000000000002e+00   9.0024121063425859e+00
   5.8000000000000007e+00   9.8093429412509625e+00
   5.9000000000000004e+00   9.6643471933978748e+00
   6.0000000000000000e+00   1.0179425361936648e+01
   6.1000000000000005e+00   1.1023286346042582e+01
   6.2000000000000002e+00   1.1297088650445616e+01
   6.3000000000000007e+00   1.2319993503501804e+01
   6.4000000000000004e+00   1.2842186493168606e+01
   6.5000000000000000e+00   1.3137385892402904e+01
   6.6000000000000005e+00   1.3260360598174129e+01
   6.7000000000000002e+00   1.3109601509780756e+01
   6.8000000000000007e+00   1.2902840610498700e+01
   6.9000000000000004e+00   1.2727170407826879e+01
   7.0000000000000000e+00   1.2787025024069804e+01
   7.1000000000000005e+00   1.2675732452445390e+01
   7.2000000000000002e+00   1.2519909548664016e+01
   7.3000000000000007e+00   1.2328047478271298e+01
   7.4000000000000004e+00   1.2730926394849211e+01
   7.5000000000000000e+00   1.2627938224336685e+01
   7.6000000000000005e+00   1.2442925653985959e+01
   7.7000000000000002e+00   1.2263653972571422e+01
   7.8000000000000007e+00   1.2147186843236105e+01
   7.9000000000000004e+00   1.2036087054022994e+01
   8.0000000000000000e+00   1.1967414653736084e+01
   8.0999999999999996e+00   1.1826476909200949e+01
   8.2000000000000011e+00   1.1740595699763070e+01
   8.3000000000000007e+00   1.1630961523057533e+01
   8.4000000000000004e+00   1.1520493650923408e+01
   8.5000000000000000e+00   1.1401025568155745e+01
   8.5999999999999996e+00   1.1360058576227043e+01
   8.7000000000000011e+00   1.1331317398475431e+01
   8.8000000000000007e+00   1.1487230859249660e+01
   8.9000000000000004e+00   1.1898694602553761e+01
   9.0000000000000000e+00   1.2196771807534475e+01
   9.0999999999999996e+00   1.2140894293297151e+01
   9.2000000000000011e+00   1.2001273843696573e+01
   9.3000000000000007e+00   1.1862783424564059e+01
   9.4000000000000004e+00   1.2046806829855312e+01
   9.5000000000000000e+00   1.2361534134092981e+01
   9.6000000000000014e+00   1.2325803460761938e+01
   9.7000000000000011e+00   1.2270233246988044e+01
   9.8000000000000007e+00   1.2136009580026567e+01
   9.9000000000000004e+00   1.2040678498570335e+01
